
# Surface 0 of 1 surfaces

# Curve title: "v(x,y)"

# Contour 0, label:        5
 2.01263  0.833049  5 
 2.00849  0.833333  5 
 1.97727  0.834805  5 
 1.94192  0.84384  5 
 1.90657  0.864792  5 
 1.9043  0.866667  5 
 1.87143  0.9  5 
 1.87121  0.900324  5 
 1.85077  0.933333  5 
 1.84085  0.966667  5 
 1.838  1  5 
 1.84085  1.03333  5 
 1.85077  1.06667  5 
 1.87121  1.09968  5 
 1.87143  1.1  5 
 1.9043  1.13333  5 
 1.90657  1.13521  5 
 1.94192  1.15616  5 
 1.97727  1.1652  5 
 2.00849  1.16667  5 
 2.01263  1.16695  5 
 2.01424  1.16667  5 
 2.04798  1.16209  5 
 2.08333  1.14828  5 
 2.10485  1.13333  5 
 2.11869  1.12198  5 
 2.13882  1.1  5 
 2.15404  1.07271  5 
 2.15748  1.06667  5 
 2.16917  1.03333  5 
 2.17268  1  5 
 2.16917  0.966667  5 
 2.15748  0.933333  5 
 2.15404  0.927286  5 
 2.13882  0.9  5 
 2.11869  0.878018  5 
 2.10485  0.866667  5 
 2.08333  0.851717  5 
 2.04798  0.837906  5 
 2.01424  0.833333  5 
 2.01263  0.833049  5 


# Contour 1, label:      2.5
 1.94192  0.720879  2.5 
 1.91076  0.733333  2.5 
 1.90657  0.734822  2.5 
 1.87121  0.753542  2.5 
 1.85376  0.766667  2.5 
 1.83586  0.78073  2.5 
 1.81678  0.8  2.5 
 1.80051  0.819377  2.5 
 1.79028  0.833333  2.5 
 1.77091  0.866667  2.5 
 1.76515  0.880333  2.5 
 1.75668  0.9  2.5 
 1.74676  0.933333  2.5 
 1.74122  0.966667  2.5 
 1.73945  1  2.5 
 1.74122  1.03333  2.5 
 1.74676  1.06667  2.5 
 1.75668  1.1  2.5 
 1.76515  1.11967  2.5 
 1.77091  1.13333  2.5 
 1.79028  1.16667  2.5 
 1.80051  1.18062  2.5 
 1.81678  1.2  2.5 
 1.83586  1.21927  2.5 
 1.85376  1.23333  2.5 
 1.87121  1.24646  2.5 
 1.90657  1.26518  2.5 
 1.91076  1.26667  2.5 
 1.94192  1.27912  2.5 
 1.97727  1.28725  2.5 
 2.01263  1.29047  2.5 
 2.04798  1.28929  2.5 
 2.08333  1.28357  2.5 
 2.11869  1.27254  2.5 
 2.13168  1.26667  2.5 
 2.15404  1.25669  2.5 
 2.18939  1.23365  2.5 
 2.1898  1.23333  2.5 
 2.22475  1.20258  2.5 
 2.22726  1.2  2.5 
 2.25452  1.16667  2.5 
 2.2601  1.15757  2.5 
 2.27493  1.13333  2.5 
 2.28922  1.1  2.5 
 2.29545  1.07751  2.5 
 2.29887  1.06667  2.5 
 2.30512  1.03333  2.5 
 2.30713  1  2.5 
 2.30512  0.966667  2.5 
 2.29887  0.933333  2.5 
 2.29545  0.92249  2.5 
 2.28922  0.9  2.5 
 2.27493  0.866667  2.5 
 2.2601  0.842435  2.5 
 2.25452  0.833333  2.5 
 2.22726  0.8  2.5 
 2.22475  0.797418  2.5 
 2.1898  0.766667  2.5 
 2.18939  0.766355  2.5 
 2.15404  0.743312  2.5 
 2.13168  0.733333  2.5 
 2.11869  0.727458  2.5 
 2.08333  0.716431  2.5 
 2.04798  0.710707  2.5 
 2.01263  0.709532  2.5 
 1.97727  0.712749  2.5 
 1.94192  0.720879  2.5 


# Contour 2, label:     1.67
 1.94192  0.627816  1.67 
 1.92748  0.633333  1.67 
 1.90657  0.64045  1.67 
 1.87121  0.657769  1.67 
 1.85759  0.666667  1.67 
 1.83586  0.680405  1.67 
 1.81229  0.7  1.67 
 1.80051  0.710096  1.67 
 1.77854  0.733333  1.67 
 1.76515  0.749069  1.67 
 1.75221  0.766667  1.67 
 1.73163  0.8  1.67 
 1.7298  0.803484  1.67 
 1.71487  0.833333  1.67 
 1.7022  0.866667  1.67 
 1.69444  0.894953  1.67 
 1.693  0.9  1.67 
 1.68602  0.933333  1.67 
 1.68196  0.966667  1.67 
 1.68064  1  1.67 
 1.68196  1.03333  1.67 
 1.68602  1.06667  1.67 
 1.693  1.1  1.67 
 1.69444  1.10505  1.67 
 1.7022  1.13333  1.67 
 1.71487  1.16667  1.67 
 1.7298  1.19652  1.67 
 1.73163  1.2  1.67 
 1.75221  1.23333  1.67 
 1.76515  1.25093  1.67 
 1.77854  1.26667  1.67 
 1.80051  1.2899  1.67 
 1.81229  1.3  1.67 
 1.83586  1.3196  1.67 
 1.85759  1.33333  1.67 
 1.87121  1.34223  1.67 
 1.90657  1.35955  1.67 
 1.92748  1.36667  1.67 
 1.94192  1.37218  1.67 
 1.97727  1.38124  1.67 
 2.01263  1.38621  1.67 
 2.04798  1.38758  1.67 
 2.08333  1.38551  1.67 
 2.11869  1.37985  1.67 
 2.15404  1.37022  1.67 
 2.16356  1.36667  1.67 
 2.18939  1.3573  1.67 
 2.22475  1.33963  1.67 
 2.23504  1.33333  1.67 
 2.2601  1.31717  1.67 
 2.28199  1.3  1.67 
 2.29545  1.28825  1.67 
 2.31733  1.26667  1.67 
 2.33081  1.251  1.67 
 2.34512  1.23333  1.67 
 2.36616  1.20093  1.67 
 2.36676  1.2  1.67 
 2.38498  1.16667  1.67 
 2.39832  1.13333  1.67 
 2.40152  1.12259  1.67 
 2.40889  1.1  1.67 
 2.41637  1.06667  1.67 
 2.42068  1.03333  1.67 
 2.42208  1  1.67 
 2.42068  0.966667  1.67 
 2.41637  0.933333  1.67 
 2.40889  0.9  1.67 
 2.40152  0.877408  1.67 
 2.39832  0.866667  1.67 
 2.38498  0.833333  1.67 
 2.36676  0.8  1.67 
 2.36616  0.799066  1.67 
 2.34512  0.766667  1.67 
 2.33081  0.749002  1.67 
 2.31733  0.733333  1.67 
 2.29545  0.71175  1.67 
 2.28199  0.7  1.67 
 2.2601  0.682829  1.67 
 2.23504  0.666667  1.67 
 2.22475  0.660368  1.67 
 2.18939  0.6427  1.67 
 2.16356  0.633333  1.67 
 2.15404  0.629784  1.67 
 2.11869  0.620145  1.67 
 2.08333  0.614488  1.67 
 2.04798  0.612417  1.67 
 2.01263  0.613791  1.67 
 1.97727  0.618761  1.67 
 1.94192  0.627816  1.67 


# Contour 3, label:     1.25
 2.30788  0.6  1.25 
 2.29545  0.592118  1.25 
 2.2601  0.573203  1.25 
 2.24487  0.566667  1.25 
 2.22475  0.558026  1.25 
 2.18939  0.546238  1.25 
 2.15404  0.538008  1.25 
 2.12174  0.533333  1.25 
 2.11869  0.532856  1.25 
 2.08333  0.530258  1.25 
 2.04798  0.530794  1.25 

 2.04798  0.530794  1.25 
 2.02415  0.533333  1.25 
 2.01263  0.534375  1.25 
 1.97727  0.540576  1.25 
 1.94192  0.550238  1.25 
 1.90657  0.564139  1.25 
 1.90164  0.566667  1.25 
 1.87121  0.581044  1.25 
 1.84147  0.6  1.25 
 1.83586  0.603402  1.25 
 1.80051  0.630977  1.25 
 1.79804  0.633333  1.25 
 1.76515  0.66562  1.25 
 1.76426  0.666667  1.25 
 1.73702  0.7  1.25 
 1.7298  0.709814  1.25 
 1.71458  0.733333  1.25 
 1.69634  0.766667  1.25 
 1.69444  0.770591  1.25 
 1.68107  0.8  1.25 
 1.66891  0.833333  1.25 
 1.65964  0.866667  1.25 
 1.65909  0.869188  1.25 
 1.65215  0.9  1.25 
 1.64692  0.933333  1.25 
 1.64386  0.966667  1.25 
 1.64285  1  1.25 
 1.64386  1.03333  1.25 
 1.64692  1.06667  1.25 
 1.65215  1.1  1.25 
 1.65909  1.13081  1.25 
 1.65964  1.13333  1.25 
 1.66891  1.16667  1.25 
 1.68107  1.2  1.25 
 1.69444  1.22941  1.25 
 1.69634  1.23333  1.25 
 1.71458  1.26667  1.25 
 1.7298  1.29019  1.25 
 1.73702  1.3  1.25 
 1.76426  1.33333  1.25 
 1.76515  1.33438  1.25 
 1.79804  1.36667  1.25 
 1.80051  1.36902  1.25 
 1.83586  1.3966  1.25 
 1.84147  1.4  1.25 
 1.87121  1.41896  1.25 
 1.90164  1.43333  1.25 
 1.90657  1.43586  1.25 
 1.94192  1.44976  1.25 
 1.97727  1.45942  1.25 
 2.01263  1.46563  1.25 
 2.02415  1.46667  1.25 
 2.04798  1.46921  1.25 
 2.08333  1.46974  1.25 
 2.11869  1.46714  1.25 
 2.12174  1.46667  1.25 
 2.15404  1.46199  1.25 
 2.18939  1.45376  1.25 
 2.22475  1.44197  1.25 
 2.24487  1.43333  1.25 
 2.2601  1.4268  1.25 
 2.29545  1.40788  1.25 
 2.30788  1.4  1.25 
 2.33081  1.38465  1.25 
 2.3538  1.36667  1.25 
 2.36616  1.35609  1.25 
 2.39009  1.33333  1.25 
 2.40152  1.321  1.25 
 2.41979  1.3  1.25 
 2.43687  1.27686  1.25 
 2.44421  1.26667  1.25 
 2.46466  1.23333  1.25 
 2.47222  1.21821  1.25 
 2.4816  1.2  1.25 
 2.49547  1.16667  1.25 
 2.50599  1.13333  1.25 
 2.50758  1.12671  1.25 
 2.51459  1.1  1.25 
 2.52065  1.06667  1.25 
 2.52418  1.03333  1.25 
 2.52534  1  1.25 
 2.52418  0.966667  1.25 
 2.52065  0.933333  1.25 
 2.51459  0.9  1.25 
 2.50758  0.873286  1.25 
 2.50599  0.866667  1.25 
 2.49547  0.833333  1.25 
 2.4816  0.8  1.25 
 2.47222  0.78179  1.25 
 2.46466  0.766667  1.25 
 2.44421  0.733333  1.25 
 2.43687  0.723142  1.25 
 2.41979  0.7  1.25 
 2.40152  0.679004  1.25 
 2.39009  0.666667  1.25 
 2.36616  0.643911  1.25 
 2.3538  0.633333  1.25 
 2.33081  0.615346  1.25 
 2.30788  0.6  1.25 


# Contour 4, label:        1
 2.57828  0.793411  1 
 2.5673  0.766667  1 
 2.55039  0.733333  1 
 2.54293  0.720772  1 
 2.53069  0.7  1 
 2.50758  0.667304  1 
 2.50712  0.666667  1 
 2.48006  0.633333  1 
 2.47222  0.624854  1 
 2.44782  0.6  1 
 2.43687  0.589944  1 
 2.40901  0.566667  1 
 2.40152  0.56087  1 
 2.36616  0.536503  1 
 2.36091  0.533333  1 
 2.33081  0.51585  1 
 2.29707  0.5  1 
 2.29545  0.499247  1 
 2.2601  0.48514  1 
 2.22475  0.474436  1 
 2.18939  0.46676  1 
 2.18876  0.466667  1 
 2.15404  0.461172  1 
 2.11869  0.458352  1 
 2.08333  0.458239  1 
 2.04798  0.460872  1 
 2.01263  0.466421  1 

 2.01263  0.466421  1 
 2.01163  0.466667  1 
 1.97727  0.474086  1 
 1.94192  0.485012  1 
 1.90657  0.499977  1 
 1.90652  0.5  1 
 1.87121  0.517394  1 
 1.84649  0.533333  1 
 1.83586  0.53981  1 
 1.80135  0.566667  1 
 1.80051  0.567311  1 
 1.76583  0.6  1 
 1.76515  0.600645  1 
 1.73675  0.633333  1 
 1.7298  0.641849  1 
 1.71239  0.666667  1 
 1.69444  0.695546  1 
 1.69198  0.7  1 
 1.6747  0.733333  1 
 1.66048  0.766667  1 
 1.65909  0.770318  1 
 1.64838  0.8  1 
 1.63858  0.833333  1 
 1.63095  0.866667  1 
 1.62529  0.9  1 
 1.62374  0.912943  1 
 1.62117  0.933333  1 
 1.61864  0.966667  1 
 1.6178  1  1 
 1.61864  1.03333  1 
 1.62117  1.06667  1 
 1.62374  1.08706  1 
 1.62529  1.1  1 
 1.63095  1.13333  1 
 1.63858  1.16667  1 
 1.64838  1.2  1 
 1.65909  1.22968  1 
 1.66048  1.23333  1 
 1.6747  1.26667  1 
 1.69198  1.3  1 
 1.69444  1.30445  1 
 1.71239  1.33333  1 
 1.7298  1.35815  1 
 1.73675  1.36667  1 
 1.76515  1.39935  1 
 1.76583  1.4  1 
 1.80051  1.43269  1 
 1.80135  1.43333  1 
 1.83586  1.46019  1 
 1.84649  1.46667  1 
 1.87121  1.48261  1 
 1.90652  1.5  1 
 1.90657  1.50002  1 
 1.94192  1.51499  1 
 1.97727  1.52591  1 
 2.01163  1.53333  1 
 2.01263  1.53358  1 
 2.04798  1.53913  1 
 2.08333  1.54176  1 
 2.11869  1.54165  1 
 2.15404  1.53883  1 
 2.18876  1.53333  1 
 2.18939  1.53324  1 
 2.22475  1.52556  1 
 2.2601  1.51486  1 
 2.29545  1.50075  1 
 2.29707  1.5  1 
 2.33081  1.48415  1 
 2.36091  1.46667  1 
 2.36616  1.4635  1 
 2.40152  1.43913  1 
 2.40901  1.43333  1 
 2.43687  1.41006  1 
 2.44782  1.4  1 
 2.47222  1.37515  1 
 2.48006  1.36667  1 
 2.50712  1.33333  1 
 2.50758  1.3327  1 
 2.53069  1.3  1 
 2.54293  1.27923  1 
 2.55039  1.26667  1 
 2.5673  1.23333  1 
 2.57828  1.20659  1 
 2.58111  1.2  1 
 2.59308  1.16667  1 
 2.60236  1.13333  1 
 2.60926  1.1  1 
 2.61364  1.06941  1 
 2.61407  1.06667  1 
 2.61723  1.03333  1 
 2.61828  1  1 
 2.61723  0.966667  1 
 2.61407  0.933333  1 
 2.61364  0.930593  1 
 2.60926  0.9  1 
 2.60236  0.866667  1 
 2.59308  0.833333  1 
 2.58111  0.8  1 
 2.57828  0.793411  1 


# Contour 5, label:     0.83
 2.70575  1.03333  0.83 
 2.70663  1  0.83 
 2.70575  0.966667  0.83 
 2.70311  0.933333  0.83 
 2.69863  0.9  0.83 
 2.6922  0.866667  0.83 
 2.68434  0.835956  0.83 
 2.68372  0.833333  0.83 
 2.6739  0.8  0.83 
 2.66165  0.766667  0.83 
 2.64899  0.738302  0.83 
 2.64685  0.733333  0.83 
 2.63023  0.7  0.83 
 2.61364  0.672184  0.83 
 2.61037  0.666667  0.83 
 2.58792  0.633333  0.83 
 2.57828  0.620794  0.83 
 2.56191  0.6  0.83 
 2.54293  0.578709  0.83 
 2.53167  0.566667  0.83 
 2.50758  0.543385  0.83 
 2.49638  0.533333  0.83 
 2.47222  0.513324  0.83 
 2.45439  0.5  0.83 
 2.43687  0.487657  0.83 
 2.40268  0.466667  0.83 
 2.40152  0.465975  0.83 
 2.36616  0.447125  0.83 
 2.33435  0.433333  0.83 
 2.33081  0.431807  0.83 
 2.29545  0.418704  0.83 
 2.2601  0.408578  0.83 
 2.22475  0.401146  0.83 
 2.21693  0.4  0.83 
 2.18939  0.395736  0.83 
 2.15404  0.392717  0.83 
 2.11869  0.392152  0.83 
 2.08333  0.39406  0.83 
 2.04798  0.398559  0.83 

 2.04798  0.398559  0.83 
 2.04101  0.4  0.83 
 2.01263  0.405166  0.83 
 1.97727  0.414396  0.83 
 1.94192  0.426939  0.83 
 1.92795  0.433333  0.83 
 1.90657  0.442256  0.83 
 1.87121  0.461313  0.83 
 1.86319  0.466667  0.83 
 1.83586  0.483886  0.83 
 1.81546  0.5  0.83 
 1.80051  0.511431  0.83 
 1.77721  0.533333  0.83 
 1.76515  0.544637  0.83 
 1.74563  0.566667  0.83 
 1.7298  0.585176  0.83 
 1.71901  0.6  0.83 
 1.6964  0.633333  0.83 
 1.69444  0.636338  0.83 
 1.67711  0.666667  0.83 
 1.66071  0.7  0.83 
 1.65909  0.703554  0.83 
 1.64662  0.733333  0.83 
 1.63479  0.766667  0.83 
 1.62509  0.8  0.83 
 1.62374  0.805405  0.83 
 1.61691  0.833333  0.83 
 1.61037  0.866667  0.83 
 1.60543  0.9  0.83 
 1.60199  0.933333  0.83 
 1.59996  0.966667  0.83 
 1.59929  1  0.83 
 1.59996  1.03333  0.83 
 1.60199  1.06667  0.83 
 1.60543  1.1  0.83 
 1.61037  1.13333  0.83 
 1.61691  1.16667  0.83 
 1.62374  1.1946  0.83 
 1.62509  1.2  0.83 
 1.63479  1.23333  0.83 
 1.64662  1.26667  0.83 
 1.65909  1.29645  0.83 
 1.66071  1.3  0.83 
 1.67711  1.33333  0.83 
 1.69444  1.36366  0.83 
 1.6964  1.36667  0.83 
 1.71901  1.4  0.83 
 1.7298  1.41482  0.83 
 1.74563  1.43333  0.83 
 1.76515  1.45536  0.83 
 1.77721  1.46667  0.83 
 1.80051  1.48857  0.83 
 1.81546  1.5  0.83 
 1.83586  1.51611  0.83 
 1.86319  1.53333  0.83 
 1.87121  1.53869  0.83 
 1.90657  1.55774  0.83 
 1.92795  1.56667  0.83 
 1.94192  1.57306  0.83 
 1.97727  1.5856  0.83 
 2.01263  1.59483  0.83 
 2.04101  1.6  0.83 
 2.04798  1.60144  0.83 
 2.08333  1.60594  0.83 
 2.11869  1.60785  0.83 
 2.15404  1.60728  0.83 
 2.18939  1.60426  0.83 
 2.21693  1.6  0.83 
 2.22475  1.59885  0.83 
 2.2601  1.59142  0.83 
 2.29545  1.5813  0.83 
 2.33081  1.56819  0.83 
 2.33435  1.56667  0.83 
 2.36616  1.55288  0.83 
 2.40152  1.53403  0.83 
 2.40268  1.53333  0.83 
 2.43687  1.51234  0.83 
 2.45439  1.5  0.83 
 2.47222  1.48668  0.83 
 2.49638  1.46667  0.83 
 2.50758  1.45661  0.83 
 2.53167  1.43333  0.83 
 2.54293  1.42129  0.83 
 2.56191  1.4  0.83 
 2.57828  1.37921  0.83 
 2.58792  1.36667  0.83 
 2.61037  1.33333  0.83 
 2.61364  1.32782  0.83 
 2.63023  1.3  0.83 
 2.64685  1.26667  0.83 
 2.64899  1.2617  0.83 
 2.66165  1.23333  0.83 
 2.6739  1.2  0.83 
 2.68372  1.16667  0.83 
 2.68434  1.16404  0.83 
 2.6922  1.13333  0.83 
 2.69863  1.1  0.83 
 2.70311  1.06667  0.83 
 2.70575  1.03333  0.83 


# Contour 6, label:     0.71
 2.68257  1.36667  0.71 
 2.68434  1.36368  0.71 
 2.70255  1.33333  0.71 
 2.71943  1.3  0.71 
 2.7197  1.2994  0.71 
 2.7348  1.26667  0.71 
 2.74763  1.23333  0.71 
 2.75505  1.21016  0.71 
 2.75848  1.2  0.71 
 2.76788  1.16667  0.71 
 2.77531  1.13333  0.71 
 2.78092  1.1  0.71 
 2.78484  1.06667  0.71 
 2.78716  1.03333  0.71 
 2.78793  1  0.71 
 2.78716  0.966667  0.71 
 2.78484  0.933333  0.71 
 2.78092  0.9  0.71 
 2.77531  0.866667  0.71 
 2.76788  0.833333  0.71 
 2.75848  0.8  0.71 
 2.75505  0.789836  0.71 
 2.74763  0.766667  0.71 
 2.7348  0.733333  0.71 
 2.7197  0.7006  0.71 
 2.71943  0.7  0.71 
 2.70255  0.666667  0.71 
 2.68434  0.636315  0.71 
 2.68257  0.633333  0.71 
 2.66037  0.6  0.71 
 2.64899  0.584962  0.71 
 2.63487  0.566667  0.71 
 2.61364  0.542176  0.71 
 2.60567  0.533333  0.71 
 2.57828  0.505792  0.71 
 2.57217  0.5  0.71 
 2.54293  0.474437  0.71 
 2.53327  0.466667  0.71 
 2.50758  0.447258  0.71 
 2.48699  0.433333  0.71 
 2.47222  0.423783  0.71 
 2.43687  0.403599  0.71 
 2.42973  0.4  0.71 
 2.40152  0.386046  0.71 
 2.36616  0.371471  0.71 
 2.35225  0.366667  0.71 
 2.33081  0.359196  0.71 
 2.29545  0.349238  0.71 
 2.2601  0.341765  0.71 
 2.22475  0.336601  0.71 
 2.18939  0.333611  0.71 
 2.17868  0.333333  0.71 
 2.15404  0.332646  0.71 

 2.15404  0.332646  0.71 
 2.13589  0.333333  0.71 
 2.11869  0.333902  0.71 
 2.08333  0.33722  0.71 
 2.04798  0.342814  0.71 
 2.01263  0.350933  0.71 
 1.97727  0.361963  0.71 
 1.96558  0.366667  0.71 
 1.94192  0.375293  0.71 
 1.90657  0.391824  0.71 
 1.89253  0.4  0.71 
 1.87121  0.411549  0.71 
 1.83929  0.433333  0.71 
 1.83586  0.435548  0.71 
 1.80051  0.463615  0.71 
 1.79732  0.466667  0.71 
 1.76515  0.497142  0.71 
 1.76263  0.5  0.71 
 1.73338  0.533333  0.71 
 1.7298  0.537488  0.71 
 1.70841  0.566667  0.71 
 1.69444  0.587092  0.71 
 1.68678  0.6  0.71 
 1.66815  0.633333  0.71 
 1.65909  0.651183  0.71 
 1.65206  0.666667  0.71 
 1.63818  0.7  0.71 
 1.6264  0.733333  0.71 
 1.62374  0.741713  0.71 
 1.61629  0.766667  0.71 
 1.60779  0.8  0.71 
 1.60087  0.833333  0.71 
 1.59541  0.866667  0.71 
 1.5913  0.9  0.71 
 1.58845  0.933333  0.71 
 1.58838  0.934577  0.71 
 1.58665  0.966667  0.71 
 1.58605  1  0.71 
 1.58665  1.03333  0.71 
 1.58838  1.06542  0.71 
 1.58845  1.06667  0.71 
 1.5913  1.1  0.71 
 1.59541  1.13333  0.71 
 1.60087  1.16667  0.71 
 1.60779  1.2  0.71 
 1.61629  1.23333  0.71 
 1.62374  1.25829  0.71 
 1.6264  1.26667  0.71 
 1.63818  1.3  0.71 
 1.65206  1.33333  0.71 
 1.65909  1.34882  0.71 
 1.66815  1.36667  0.71 
 1.68678  1.4  0.71 
 1.69444  1.41291  0.71 
 1.70841  1.43333  0.71 
 1.7298  1.46251  0.71 
 1.73338  1.46667  0.71 
 1.76263  1.5  0.71 
 1.76515  1.50286  0.71 
 1.79732  1.53333  0.71 
 1.80051  1.53639  0.71 
 1.83586  1.56445  0.71 
 1.83929  1.56667  0.71 
 1.87121  1.58845  0.71 
 1.89253  1.6  0.71 
 1.90657  1.60818  0.71 
 1.94192  1.62471  0.71 
 1.96558  1.63333  0.71 
 1.97727  1.63804  0.71 
 2.01263  1.64907  0.71 
 2.04798  1.65719  0.71 
 2.08333  1.66278  0.71 
 2.11869  1.6661  0.71 
 2.13589  1.66667  0.71 
 2.15404  1.66735  0.71 
 2.17868  1.66667  0.71 
 2.18939  1.66639  0.71 
 2.22475  1.6634  0.71 
 2.2601  1.65823  0.71 
 2.29545  1.65076  0.71 
 2.33081  1.6408  0.71 
 2.35225  1.63333  0.71 
 2.36616  1.62853  0.71 
 2.40152  1.61395  0.71 
 2.42973  1.6  0.71 
 2.43687  1.5964  0.71 
 2.47222  1.57622  0.71 
 2.48699  1.56667  0.71 
 2.50758  1.55274  0.71 
 2.53327  1.53333  0.71 
 2.54293  1.52556  0.71 
 2.57217  1.5  0.71 
 2.57828  1.49421  0.71 
 2.60567  1.46667  0.71 
 2.61364  1.45782  0.71 
 2.63487  1.43333  0.71 
 2.64899  1.41504  0.71 
 2.66037  1.4  0.71 
 2.68257  1.36667  0.71 


# Contour 7, label:     0.63
 2.7197  1.42792  0.63 
 2.73892  1.4  0.63 
 2.75505  1.37308  0.63 
 2.75892  1.36667  0.63 
 2.77699  1.33333  0.63 
 2.7904  1.30432  0.63 
 2.79246  1.3  0.63 
 2.8065  1.26667  0.63 
 2.81829  1.23333  0.63 
 2.82576  1.20804  0.63 
 2.82826  1.2  0.63 
 2.83696  1.16667  0.63 
 2.84387  1.13333  0.63 
 2.84912  1.1  0.63 
 2.8528  1.06667  0.63 
 2.85497  1.03333  0.63 
 2.85569  1  0.63 
 2.85497  0.966667  0.63 
 2.8528  0.933333  0.63 
 2.84912  0.9  0.63 
 2.84387  0.866667  0.63 
 2.83696  0.833333  0.63 
 2.82826  0.8  0.63 
 2.82576  0.791959  0.63 
 2.81829  0.766667  0.63 
 2.8065  0.733333  0.63 
 2.79246  0.7  0.63 
 2.7904  0.69568  0.63 
 2.77699  0.666667  0.63 
 2.75892  0.633333  0.63 
 2.75505  0.626918  0.63 
 2.73892  0.6  0.63 
 2.7197  0.572082  0.63 
 2.71594  0.566667  0.63 
 2.69028  0.533333  0.63 
 2.68434  0.526333  0.63 
 2.66128  0.5  0.63 
 2.64899  0.487236  0.63 
 2.62819  0.466667  0.63 
 2.61364  0.453386  0.63 
 2.59011  0.433333  0.63 
 2.57828  0.423889  0.63 
 2.54553  0.4  0.63 
 2.54293  0.398193  0.63 
 2.50758  0.375524  0.63 
 2.49189  0.366667  0.63 
 2.47222  0.355861  0.63 
 2.43687  0.338974  0.63 
 2.42319  0.333333  0.63 
 2.40152  0.32443  0.63 
 2.36616  0.312228  0.63 
 2.33081  0.302527  0.63 
 2.31919  0.3  0.63 
 2.29545  0.29468  0.63 
 2.2601  0.288873  0.63 
 2.22475  0.285219  0.63 
 2.18939  0.283653  0.63 
 2.15404  0.284158  0.63 
 2.11869  0.286779  0.63 
 2.08333  0.291627  0.63 
 2.04798  0.298901  0.63 

 2.04798  0.298901  0.63 
 2.04407  0.3  0.63 
 2.01263  0.30792  0.63 
 1.97727  0.319612  0.63 
 1.94495  0.333333  0.63 
 1.94192  0.334503  0.63 
 1.90657  0.351472  0.63 
 1.88134  0.366667  0.63 
 1.87121  0.372351  0.63 
 1.83586  0.396878  0.63 
 1.83211  0.4  0.63 
 1.80051  0.425419  0.63 
 1.79236  0.433333  0.63 
 1.76515  0.459448  0.63 
 1.75885  0.466667  0.63 
 1.73015  0.5  0.63 
 1.7298  0.500412  0.63 
 1.70564  0.533333  0.63 
 1.69444  0.549534  0.63 
 1.6842  0.566667  0.63 
 1.66555  0.6  0.63 
 1.65909  0.61233  0.63 
 1.64933  0.633333  0.63 
 1.63523  0.666667  0.63 
 1.62374  0.698135  0.63 
 1.62312  0.7  0.63 
 1.61257  0.733333  0.63 
 1.60363  0.766667  0.63 
 1.5962  0.8  0.63 
 1.59017  0.833333  0.63 
 1.58838  0.84537  0.63 
 1.58526  0.866667  0.63 
 1.58144  0.9  0.63 
 1.57876  0.933333  0.63 
 1.57717  0.966667  0.63 
 1.57665  1  0.63 
 1.57717  1.03333  0.63 
 1.57876  1.06667  0.63 
 1.58144  1.1  0.63 
 1.58526  1.13333  0.63 
 1.58838  1.15463  0.63 
 1.59017  1.16667  0.63 
 1.5962  1.2  0.63 
 1.60363  1.23333  0.63 
 1.61257  1.26667  0.63 
 1.62312  1.3  0.63 
 1.62374  1.30187  0.63 
 1.63523  1.33333  0.63 
 1.64933  1.36667  0.63 
 1.65909  1.38767  0.63 
 1.66555  1.4  0.63 
 1.6842  1.43333  0.63 
 1.69444  1.45047  0.63 
 1.70564  1.46667  0.63 
 1.7298  1.49959  0.63 
 1.73015  1.5  0.63 
 1.75885  1.53333  0.63 
 1.76515  1.54055  0.63 
 1.79236  1.56667  0.63 
 1.80051  1.57458  0.63 
 1.83211  1.6  0.63 
 1.83586  1.60312  0.63 
 1.87121  1.62765  0.63 
 1.88134  1.63333  0.63 
 1.90657  1.64853  0.63 
 1.94192  1.6655  0.63 
 1.94495  1.66667  0.63 
 1.97727  1.68039  0.63 
 2.01263  1.69208  0.63 
 2.04407  1.7  0.63 
 2.04798  1.7011  0.63 
 2.08333  1.70837  0.63 
 2.11869  1.71322  0.63 
 2.15404  1.71584  0.63 
 2.18939  1.71635  0.63 
 2.22475  1.71478  0.63 
 2.2601  1.71113  0.63 
 2.29545  1.70532  0.63 
 2.31919  1.7  0.63 
 2.33081  1.69747  0.63 
 2.36616  1.68777  0.63 
 2.40152  1.67557  0.63 
 2.42319  1.66667  0.63 
 2.43687  1.66103  0.63 
 2.47222  1.64414  0.63 
 2.49189  1.63333  0.63 
 2.50758  1.62448  0.63 
 2.54293  1.60181  0.63 
 2.54553  1.6  0.63 
 2.57828  1.57611  0.63 
 2.59011  1.56667  0.63 
 2.61364  1.54661  0.63 
 2.62819  1.53333  0.63 
 2.64899  1.51276  0.63 
 2.66128  1.5  0.63 
 2.68434  1.47367  0.63 
 2.69028  1.46667  0.63 
 2.71594  1.43333  0.63 
 2.7197  1.42792  0.63 


# Contour 8, label:     0.55
 2.64899  1.61546  0.55 
 2.66748  1.6  0.55 
 2.68434  1.58494  0.55 
 2.70367  1.56667  0.55 
 2.7197  1.55028  0.55 
 2.7356  1.53333  0.55 
 2.75505  1.51062  0.55 
 2.76391  1.5  0.55 
 2.78907  1.46667  0.55 
 2.7904  1.46474  0.55 
 2.81195  1.43333  0.55 
 2.82576  1.41047  0.55 
 2.83211  1.4  0.55 
 2.85031  1.36667  0.55 
 2.86111  1.34397  0.55 
 2.86629  1.33333  0.55 
 2.88072  1.3  0.55 
 2.89301  1.26667  0.55 
 2.89646  1.25584  0.55 
 2.90398  1.23333  0.55 
 2.91338  1.2  0.55 
 2.9211  1.16667  0.55 
 2.92724  1.13333  0.55 
 2.93182  1.10071  0.55 
 2.93193  1.1  0.55 
 2.93551  1.06667  0.55 
 2.93764  1.03333  0.55 
 2.93834  1  0.55 
 2.93764  0.966667  0.55 
 2.93551  0.933333  0.55 
 2.93193  0.9  0.55 
 2.93182  0.899287  0.55 
 2.92724  0.866667  0.55 
 2.9211  0.833333  0.55 
 2.91338  0.8  0.55 
 2.90398  0.766667  0.55 
 2.89646  0.744156  0.55 
 2.89301  0.733333  0.55 
 2.88072  0.7  0.55 
 2.86629  0.666667  0.55 
 2.86111  0.656032  0.55 
 2.85031  0.633333  0.55 
 2.83211  0.6  0.55 
 2.82576  0.589534  0.55 
 2.81195  0.566667  0.55 
 2.7904  0.535265  0.55 
 2.78907  0.533333  0.55 
 2.76391  0.5  0.55 
 2.75505  0.48938  0.55 
 2.7356  0.466667  0.55 
 2.7197  0.449723  0.55 
 2.70367  0.433333  0.55 
 2.68434  0.415057  0.55 
 2.66748  0.4  0.55 
 2.64899  0.384544  0.55 
 2.62592  0.366667  0.55 
 2.61364  0.357636  0.55 
 2.57828  0.333985  0.55 
 2.57723  0.333333  0.55 
 2.54293  0.312857  0.55 
 2.51821  0.3  0.55 
 2.50758  0.294579  0.55 
 2.47222  0.278513  0.55 
 2.44123  0.266667  0.55 
 2.43687  0.265  0.55 
 2.40152  0.253203  0.55 
 2.36616  0.243711  0.55 
 2.33081  0.236364  0.55 
 2.31115  0.233333  0.55 
 2.29545  0.230823  0.55 
 2.2601  0.227064  0.55 
 2.22475  0.225292  0.55 
 2.18939  0.225499  0.55 
 2.15404  0.22772  0.55 
 2.11869  0.232047  0.55 

 2.11869  0.232047  0.55 
 2.11182  0.233333  0.55 
 2.08333  0.238107  0.55 
 2.04798  0.246267  0.55 
 2.01263  0.256966  0.55 
 1.98741  0.266667  0.55 
 1.97727  0.270213  0.55 
 1.94192  0.285595  0.55 
 1.9153  0.3  0.55 
 1.90657  0.304373  0.55 
 1.87121  0.326006  0.55 
 1.86131  0.333333  0.55 
 1.83586  0.351218  0.55 
 1.81774  0.366667  0.55 
 1.80051  0.380856  0.55 
 1.78116  0.4  0.55 
 1.76515  0.415617  0.55 
 1.74988  0.433333  0.55 
 1.7298  0.456918  0.55 
 1.72273  0.466667  0.55 
 1.69912  0.5  0.55 
 1.69444  0.506737  0.55 
 1.67851  0.533333  0.55 
 1.66031  0.566667  0.55 
 1.65909  0.568941  0.55 
 1.64444  0.6  0.55 
 1.6305  0.633333  0.55 
 1.62374  0.651033  0.55 
 1.61834  0.666667  0.55 
 1.60775  0.7  0.55 
 1.59866  0.733333  0.55 
 1.59098  0.766667  0.55 
 1.58838  0.779551  0.55 
 1.58446  0.8  0.55 
 1.57902  0.833333  0.55 
 1.57469  0.866667  0.55 
 1.57139  0.9  0.55 
 1.56907  0.933333  0.55 
 1.5677  0.966667  0.55 
 1.56724  1  0.55 
 1.5677  1.03333  0.55 
 1.56907  1.06667  0.55 
 1.57139  1.1  0.55 
 1.57469  1.13333  0.55 
 1.57902  1.16667  0.55 
 1.58446  1.2  0.55 
 1.58838  1.22045  0.55 
 1.59098  1.23333  0.55 
 1.59866  1.26667  0.55 
 1.60775  1.3  0.55 
 1.61834  1.33333  0.55 
 1.62374  1.34897  0.55 
 1.6305  1.36667  0.55 
 1.64444  1.4  0.55 
 1.65909  1.43106  0.55 
 1.66031  1.43333  0.55 
 1.67851  1.46667  0.55 
 1.69444  1.49326  0.55 
 1.69912  1.5  0.55 
 1.72273  1.53333  0.55 
 1.7298  1.54308  0.55 
 1.74988  1.56667  0.55 
 1.76515  1.58438  0.55 
 1.78116  1.6  0.55 
 1.80051  1.61914  0.55 
 1.81774  1.63333  0.55 
 1.83586  1.64878  0.55 
 1.86131  1.66667  0.55 
 1.87121  1.67399  0.55 
 1.90657  1.69563  0.55 
 1.9153  1.7  0.55 
 1.94192  1.71441  0.55 
 1.97727  1.72979  0.55 
 1.98741  1.73333  0.55 
 2.01263  1.74303  0.55 
 2.04798  1.75373  0.55 
 2.08333  1.76189  0.55 
 2.11182  1.76667  0.55 
 2.11869  1.76795  0.55 
 2.15404  1.77228  0.55 
 2.18939  1.7745  0.55 
 2.22475  1.77471  0.55 
 2.2601  1.77294  0.55 
 2.29545  1.76918  0.55 
 2.31115  1.76667  0.55 
 2.33081  1.76364  0.55 
 2.36616  1.75629  0.55 
 2.40152  1.7468  0.55 
 2.43687  1.735  0.55 
 2.44123  1.73333  0.55 
 2.47222  1.72149  0.55 
 2.50758  1.70542  0.55 
 2.51821  1.7  0.55 
 2.54293  1.68714  0.55 
 2.57723  1.66667  0.55 
 2.57828  1.66602  0.55 
 2.61364  1.64236  0.55 
 2.62592  1.63333  0.55 
 2.64899  1.61546  0.55 


# Contour 9, label:      0.5
 2.64899  1.68475  0.5 
 2.67381  1.66667  0.5 
 2.68434  1.6586  0.5 
 2.71499  1.63333  0.5 
 2.7197  1.62921  0.5 
 2.75116  1.6  0.5 
 2.75505  1.59611  0.5 
 2.78332  1.56667  0.5 
 2.7904  1.55864  0.5 
 2.81211  1.53333  0.5 
 2.82576  1.51581  0.5 
 2.83788  1.5  0.5 
 2.86084  1.46667  0.5 
 2.86111  1.46624  0.5 
 2.88198  1.43333  0.5 
 2.89646  1.40732  0.5 
 2.90059  1.4  0.5 
 2.9176  1.36667  0.5 
 2.93182  1.33448  0.5 
 2.93234  1.33333  0.5 
 2.94597  1.3  0.5 
 2.95765  1.26667  0.5 
 2.96717  1.23471  0.5 
 2.9676  1.23333  0.5 
 2.97659  1.2  0.5 
 2.98398  1.16667  0.5 
 2.98989  1.13333  0.5 
 2.99441  1.1  0.5 
 2.99758  1.06667  0.5 
 2.99947  1.03333  0.5 
 3.0001  1  0.5 
 2.99947  0.966667  0.5 
 2.99758  0.933333  0.5 
 2.99441  0.9  0.5 
 2.98989  0.866667  0.5 
 2.98398  0.833333  0.5 
 2.97659  0.8  0.5 
 2.9676  0.766667  0.5 
 2.96717  0.765291  0.5 
 2.95765  0.733333  0.5 
 2.94597  0.7  0.5 
 2.93234  0.666667  0.5 
 2.93182  0.665516  0.5 
 2.9176  0.633333  0.5 
 2.90059  0.6  0.5 
 2.89646  0.592676  0.5 
 2.88198  0.566667  0.5 
 2.86111  0.533757  0.5 
 2.86084  0.533333  0.5 
 2.83788  0.5  0.5 
 2.82576  0.484188  0.5 
 2.81211  0.466667  0.5 
 2.7904  0.44136  0.5 
 2.78332  0.433333  0.5 
 2.75505  0.403889  0.5 
 2.75116  0.4  0.5 
 2.7197  0.370795  0.5 
 2.71499  0.366667  0.5 
 2.68434  0.341396  0.5 
 2.67381  0.333333  0.5 
 2.64899  0.315249  0.5 
 2.62601  0.3  0.5 
 2.61364  0.292095  0.5 
 2.57828  0.271585  0.5 
 2.56888  0.266667  0.5 
 2.54293  0.253363  0.5 
 2.50758  0.237628  0.5 
 2.4966  0.233333  0.5 
 2.47222  0.223823  0.5 
 2.43687  0.212111  0.5 
 2.40152  0.202586  0.5 
 2.38972  0.2  0.5 
 2.36616  0.194711  0.5 
 2.33081  0.188648  0.5 
 2.29545  0.184505  0.5 
 2.2601  0.182224  0.5 
 2.22475  0.181781  0.5 
 2.18939  0.183188  0.5 
 2.15404  0.186504  0.5 
 2.11869  0.19184  0.5 
 2.08333  0.199374  0.5 

 2.08333  0.199374  0.5 
 2.08111  0.2  0.5 
 2.04798  0.20843  0.5 
 2.01263  0.219931  0.5 
 1.97982  0.233333  0.5 
 1.97727  0.234283  0.5 
 1.94192  0.250413  0.5 
 1.91309  0.266667  0.5 
 1.90657  0.270085  0.5 
 1.87121  0.292483  0.5 
 1.86135  0.3  0.5 
 1.83586  0.318482  0.5 
 1.81886  0.333333  0.5 
 1.80051  0.348833  0.5 
 1.78283  0.366667  0.5 
 1.76515  0.384258  0.5 
 1.75178  0.4  0.5 
 1.7298  0.426177  0.5 
 1.72466  0.433333  0.5 
 1.70102  0.466667  0.5 
 1.69444  0.476174  0.5 
 1.68021  0.5  0.5 
 1.66175  0.533333  0.5 
 1.65909  0.538249  0.5 
 1.64557  0.566667  0.5 
 1.63127  0.6  0.5 
 1.62374  0.619108  0.5 
 1.61871  0.633333  0.5 
 1.6077  0.666667  0.5 
 1.59814  0.7  0.5 
 1.58996  0.733333  0.5 
 1.58838  0.740405  0.5 
 1.58289  0.766667  0.5 
 1.57691  0.8  0.5 
 1.572  0.833333  0.5 
 1.56808  0.866667  0.5 
 1.5651  0.9  0.5 
 1.56301  0.933333  0.5 
 1.56178  0.966667  0.5 
 1.56137  1  0.5 
 1.56178  1.03333  0.5 
 1.56301  1.06667  0.5 
 1.5651  1.1  0.5 
 1.56808  1.13333  0.5 
 1.572  1.16667  0.5 
 1.57691  1.2  0.5 
 1.58289  1.23333  0.5 
 1.58838  1.25959  0.5 
 1.58996  1.26667  0.5 
 1.59814  1.3  0.5 
 1.6077  1.33333  0.5 
 1.61871  1.36667  0.5 
 1.62374  1.38089  0.5 
 1.63127  1.4  0.5 
 1.64557  1.43333  0.5 
 1.65909  1.46175  0.5 
 1.66175  1.46667  0.5 
 1.68021  1.5  0.5 
 1.69444  1.52383  0.5 
 1.70102  1.53333  0.5 
 1.72466  1.56667  0.5 
 1.7298  1.57382  0.5 
 1.75178  1.6  0.5 
 1.76515  1.61574  0.5 
 1.78283  1.63333  0.5 
 1.80051  1.65117  0.5 
 1.81886  1.66667  0.5 
 1.83586  1.68152  0.5 
 1.86135  1.7  0.5 
 1.87121  1.70752  0.5 
 1.90657  1.72991  0.5 
 1.91309  1.73333  0.5 
 1.94192  1.74959  0.5 
 1.97727  1.76572  0.5 
 1.97982  1.76667  0.5 
 2.01263  1.78007  0.5 
 2.04798  1.79157  0.5 
 2.08111  1.8  0.5 
 2.08333  1.80063  0.5 
 2.11869  1.80816  0.5 
 2.15404  1.8135  0.5 
 2.18939  1.81681  0.5 
 2.22475  1.81822  0.5 
 2.2601  1.81778  0.5 
 2.29545  1.8155  0.5 
 2.33081  1.81135  0.5 
 2.36616  1.80529  0.5 
 2.38972  1.8  0.5 
 2.40152  1.79741  0.5 
 2.43687  1.78789  0.5 
 2.47222  1.77618  0.5 
 2.4966  1.76667  0.5 
 2.50758  1.76237  0.5 
 2.54293  1.74664  0.5 
 2.56888  1.73333  0.5 
 2.57828  1.72842  0.5 
 2.61364  1.70791  0.5 
 2.62601  1.7  0.5 
 2.64899  1.68475  0.5 


# Contour 10, label:     0.45
 2.47222  1.8372  0.45 
 2.48421  1.83333  0.45 
 2.50758  1.82584  0.45 
 2.54293  1.81253  0.45 
 2.57155  1.8  0.45 
 2.57828  1.79702  0.45 
 2.61364  1.77967  0.45 
 2.63708  1.76667  0.45 
 2.64899  1.75989  0.45 
 2.68434  1.73771  0.45 
 2.69082  1.73333  0.45 
 2.7197  1.713  0.45 
 2.73675  1.7  0.45 
 2.75505  1.68531  0.45 
 2.77684  1.66667  0.45 
 2.7904  1.65433  0.45 
 2.81239  1.63333  0.45 
 2.82576  1.61961  0.45 
 2.84419  1.6  0.45 
 2.86111  1.58047  0.45 
 2.87278  1.56667  0.45 
 2.89646  1.53597  0.45 
 2.89847  1.53333  0.45 
 2.92202  1.5  0.45 
 2.93182  1.48458  0.45 
 2.94323  1.46667  0.45 
 2.9623  1.43333  0.45 
 2.96717  1.42391  0.45 
 2.97974  1.4  0.45 
 2.99526  1.36667  0.45 
 3.00253  1.34906  0.45 
 3.0092  1.33333  0.45 
 3.02175  1.3  0.45 
 3.03255  1.26667  0.45 
 3.03788  1.2476  0.45 
 3.04205  1.23333  0.45 
 3.0504  1.2  0.45 
 3.05729  1.16667  0.45 
 3.06281  1.13333  0.45 
 3.06703  1.1  0.45 
 3.07001  1.06667  0.45 
 3.07178  1.03333  0.45 
 3.07236  1  0.45 
 3.07178  0.966667  0.45 
 3.07001  0.933333  0.45 
 3.06703  0.9  0.45 
 3.06281  0.866667  0.45 
 3.05729  0.833333  0.45 
 3.0504  0.8  0.45 
 3.04205  0.766667  0.45 
 3.03788  0.752395  0.45 
 3.03255  0.733333  0.45 
 3.02175  0.7  0.45 
 3.0092  0.666667  0.45 
 3.00253  0.650943  0.45 
 2.99526  0.633333  0.45 
 2.97974  0.6  0.45 
 2.96717  0.576088  0.45 
 2.9623  0.566667  0.45 
 2.94323  0.533333  0.45 
 2.93182  0.51542  0.45 
 2.92202  0.5  0.45 
 2.89847  0.466667  0.45 
 2.89646  0.464027  0.45 
 2.87278  0.433333  0.45 
 2.86111  0.419527  0.45 
 2.84419  0.4  0.45 
 2.82576  0.380386  0.45 
 2.81239  0.366667  0.45 
 2.7904  0.345665  0.45 
 2.77684  0.333333  0.45 
 2.75505  0.31469  0.45 
 2.73675  0.3  0.45 
 2.7197  0.286995  0.45 
 2.69082  0.266667  0.45 
 2.68434  0.262287  0.45 
 2.64899  0.240113  0.45 
 2.63708  0.233333  0.45 
 2.61364  0.220326  0.45 
 2.57828  0.202977  0.45 
 2.57155  0.2  0.45 
 2.54293  0.187472  0.45 
 2.50758  0.174162  0.45 
 2.48421  0.166667  0.45 
 2.47222  0.162797  0.45 
 2.43687  0.15305  0.45 
 2.40152  0.145267  0.45 
 2.36616  0.139344  0.45 
 2.33081  0.135196  0.45 
 2.30399  0.133333  0.45 
 2.29545  0.132713  0.45 
 2.2601  0.13189  0.45 
 2.22475  0.132893  0.45 

 2.22475  0.132893  0.45 
 2.21943  0.133333  0.45 
 2.18939  0.135562  0.45 
 2.15404  0.139979  0.45 
 2.11869  0.146309  0.45 
 2.08333  0.154744  0.45 
 2.04798  0.165557  0.45 
 2.04505  0.166667  0.45 
 2.01263  0.177887  0.45 
 1.97727  0.193015  0.45 
 1.96377  0.2  0.45 
 1.94192  0.210471  0.45 
 1.90657  0.231135  0.45 
 1.90338  0.233333  0.45 
 1.87121  0.254311  0.45 
 1.85547  0.266667  0.45 
 1.83586  0.281352  0.45 
 1.81505  0.3  0.45 
 1.80051  0.312617  0.45 
 1.78041  0.333333  0.45 
 1.76515  0.348846  0.45 
 1.75028  0.366667  0.45 
 1.7298  0.391458  0.45 
 1.72376  0.4  0.45 
 1.70045  0.433333  0.45 
 1.69444  0.442084  0.45 
 1.67986  0.466667  0.45 
 1.66146  0.5  0.45 
 1.65909  0.504354  0.45 
 1.64527  0.533333  0.45 
 1.63086  0.566667  0.45 
 1.62374  0.584349  0.45 
 1.61812  0.6  0.45 
 1.60689  0.633333  0.45 
 1.59706  0.666667  0.45 
 1.58854  0.7  0.45 
 1.58838  0.700634  0.45 
 1.58109  0.733333  0.45 
 1.57472  0.766667  0.45 
 1.56937  0.8  0.45 
 1.56497  0.833333  0.45 
 1.56148  0.866667  0.45 
 1.55882  0.9  0.45 
 1.55696  0.933333  0.45 
 1.55585  0.966667  0.45 
 1.55549  1  0.45 
 1.55585  1.03333  0.45 
 1.55696  1.06667  0.45 
 1.55882  1.1  0.45 
 1.56148  1.13333  0.45 
 1.56497  1.16667  0.45 
 1.56937  1.2  0.45 
 1.57472  1.23333  0.45 
 1.58109  1.26667  0.45 
 1.58838  1.29937  0.45 
 1.58854  1.3  0.45 
 1.59706  1.33333  0.45 
 1.60689  1.36667  0.45 
 1.61812  1.4  0.45 
 1.62374  1.41565  0.45 
 1.63086  1.43333  0.45 
 1.64527  1.46667  0.45 
 1.65909  1.49565  0.45 
 1.66146  1.5  0.45 
 1.67986  1.53333  0.45 
 1.69444  1.55792  0.45 
 1.70045  1.56667  0.45 
 1.72376  1.6  0.45 
 1.7298  1.60854  0.45 
 1.75028  1.63333  0.45 
 1.76515  1.65115  0.45 
 1.78041  1.66667  0.45 
 1.80051  1.68738  0.45 
 1.81505  1.7  0.45 
 1.83586  1.71865  0.45 
 1.85547  1.73333  0.45 
 1.87121  1.74569  0.45 
 1.90338  1.76667  0.45 
 1.90657  1.76887  0.45 
 1.94192  1.78953  0.45 
 1.96377  1.8  0.45 
 1.97727  1.80698  0.45 
 2.01263  1.82211  0.45 
 2.04505  1.83333  0.45 
 2.04798  1.83444  0.45 
 2.08333  1.84526  0.45 
 2.11869  1.85369  0.45 
 2.15404  1.86002  0.45 
 2.18939  1.86444  0.45 
 2.21943  1.86667  0.45 
 2.22475  1.86711  0.45 
 2.2601  1.86811  0.45 
 2.29545  1.86729  0.45 
 2.30399  1.86667  0.45 
 2.33081  1.8648  0.45 
 2.36616  1.86066  0.45 
 2.40152  1.85473  0.45 
 2.43687  1.84695  0.45 
 2.47222  1.8372  0.45 


# Contour 11, label:     0.42
 2.29545  0.0978318  0.42 
 2.2601  0.0979913  0.42 
 2.22475  0.0999324  0.42 

 2.3371  1.9  0.42 
 2.36616  1.89744  0.42 
 2.40152  1.89266  0.42 
 2.43687  1.88615  0.42 
 2.47222  1.87781  0.42 
 2.50758  1.86755  0.42 
 2.51024  1.86667  0.42 
 2.54293  1.85588  0.42 
 2.57828  1.84213  0.42 
 2.59818  1.83333  0.42 
 2.61364  1.82643  0.42 
 2.64899  1.80872  0.42 
 2.6647  1.8  0.42 
 2.68434  1.78883  0.42 
 2.71935  1.76667  0.42 
 2.7197  1.76644  0.42 
 2.75505  1.74175  0.42 
 2.76621  1.73333  0.42 
 2.7904  1.71418  0.42 
 2.80722  1.7  0.42 
 2.82576  1.68345  0.42 
 2.84365  1.66667  0.42 
 2.86111  1.64915  0.42 
 2.87631  1.63333  0.42 
 2.89646  1.61069  0.42 
 2.90573  1.6  0.42 
 2.93182  1.56725  0.42 
 2.93227  1.56667  0.42 
 2.9567  1.53333  0.42 
 2.96717  1.51752  0.42 
 2.97876  1.5  0.42 
 2.99867  1.46667  0.42 
 3.00253  1.45959  0.42 
 3.01701  1.43333  0.42 
 3.03333  1.4  0.42 
 3.03788  1.38969  0.42 
 3.04829  1.36667  0.42 
 3.06163  1.33333  0.42 
 3.07323  1.3  0.42 
 3.08396  1.26667  0.42 
 3.09315  1.23333  0.42 
 3.1009  1.2  0.42 
 3.1073  1.16667  0.42 
 3.10859  1.15843  0.42 
 3.11273  1.13333  0.42 
 3.11697  1.1  0.42 
 3.11996  1.06667  0.42 
 3.12174  1.03333  0.42 
 3.12233  1  0.42 
 3.12174  0.966667  0.42 
 3.11996  0.933333  0.42 
 3.11697  0.9  0.42 
 3.11273  0.866667  0.42 
 3.10859  0.841571  0.42 
 3.1073  0.833333  0.42 
 3.1009  0.8  0.42 
 3.09315  0.766667  0.42 
 3.08396  0.733333  0.42 
 3.07323  0.700008  0.42 
 3.06163  0.666667  0.42 
 3.04829  0.633333  0.42 
 3.03788  0.610307  0.42 
 3.03333  0.6  0.42 
 3.01701  0.566667  0.42 
 3.00253  0.540409  0.42 
 2.99867  0.533333  0.42 
 2.97876  0.5  0.42 
 2.96717  0.48248  0.42 
 2.9567  0.466667  0.42 
 2.93227  0.433333  0.42 
 2.93182  0.432754  0.42 
 2.90573  0.4  0.42 
 2.89646  0.389314  0.42 
 2.87631  0.366667  0.42 
 2.86111  0.350852  0.42 
 2.84365  0.333333  0.42 
 2.82576  0.316551  0.42 
 2.80722  0.3  0.42 
 2.7904  0.285819  0.42 
 2.76621  0.266667  0.42 
 2.75505  0.258246  0.42 
 2.7197  0.233559  0.42 
 2.71935  0.233333  0.42 
 2.68434  0.211174  0.42 
 2.6647  0.2  0.42 
 2.64899  0.191282  0.42 
 2.61364  0.173574  0.42 
 2.59818  0.166667  0.42 
 2.57828  0.157872  0.42 
 2.54293  0.144117  0.42 
 2.51024  0.133333  0.42 
 2.50758  0.13245  0.42 
 2.47222  0.122187  0.42 
 2.43687  0.113851  0.42 
 2.40152  0.107338  0.42 
 2.36616  0.102564  0.42 
 2.3371  0.1  0.42 
 2.33081  0.0994223  0.42 
 2.29545  0.0978318  0.42 

 2.22475  0.0999324  0.42 
 2.22413  0.1  0.42 
 2.18939  0.103405  0.42 
 2.15404  0.108649  0.42 
 2.11869  0.115812  0.42 
 2.08333  0.125107  0.42 
 2.05844  0.133333  0.42 
 2.04798  0.136489  0.42 
 2.01263  0.149608  0.42 
 1.97727  0.16572  0.42 
 1.97552  0.166667  0.42 
 1.94192  0.183575  0.42 
 1.91503  0.2  0.42 
 1.90657  0.204837  0.42 
 1.87121  0.229038  0.42 
 1.8659  0.233333  0.42 
 1.83586  0.256573  0.42 
 1.82489  0.266667  0.42 
 1.80051  0.288415  0.42 
 1.78952  0.3  0.42 
 1.76515  0.325357  0.42 
 1.75862  0.333333  0.42 
 1.73142  0.366667  0.42 
 1.7298  0.368636  0.42 
 1.70761  0.4  0.42 
 1.69444  0.419388  0.42 
 1.68625  0.433333  0.42 
 1.6673  0.466667  0.42 
 1.65909  0.481773  0.42 
 1.65042  0.5  0.42 
 1.63542  0.533333  0.42 
 1.62374  0.561978  0.42 
 1.62204  0.566667  0.42 
 1.61024  0.6  0.42 
 1.59981  0.633333  0.42 
 1.59067  0.666667  0.42 
 1.58838  0.675634  0.42 
 1.58268  0.7  0.42 
 1.57574  0.733333  0.42 
 1.56982  0.766667  0.42 
 1.56484  0.8  0.42 
 1.56076  0.833333  0.42 
 1.55751  0.866667  0.42 
 1.55505  0.9  0.42 
 1.55332  0.933333  0.42 
 1.55303  0.942726  0.42 
 1.55227  0.966667  0.42 
 1.55192  1  0.42 
 1.55227  1.03333  0.42 
 1.55303  1.05727  0.42 
 1.55332  1.06667  0.42 
 1.55505  1.1  0.42 
 1.55751  1.13333  0.42 
 1.56076  1.16667  0.42 
 1.56484  1.2  0.42 
 1.56982  1.23333  0.42 
 1.57574  1.26667  0.42 
 1.58268  1.3  0.42 
 1.58838  1.32437  0.42 
 1.59067  1.33333  0.42 
 1.59981  1.36667  0.42 
 1.61024  1.4  0.42 
 1.62204  1.43333  0.42 
 1.62374  1.43802  0.42 
 1.63542  1.46667  0.42 
 1.65042  1.5  0.42 
 1.65909  1.51823  0.42 
 1.6673  1.53333  0.42 
 1.68625  1.56667  0.42 
 1.69444  1.58061  0.42 
 1.70761  1.6  0.42 
 1.7298  1.63136  0.42 
 1.73142  1.63333  0.42 
 1.75862  1.66667  0.42 
 1.76515  1.67464  0.42 
 1.78952  1.7  0.42 
 1.80051  1.71159  0.42 
 1.82489  1.73333  0.42 
 1.83586  1.74343  0.42 
 1.8659  1.76667  0.42 
 1.87121  1.77096  0.42 
 1.90657  1.79516  0.42 
 1.91503  1.8  0.42 
 1.94192  1.81643  0.42 
 1.97552  1.83333  0.42 
 1.97727  1.83428  0.42 
 2.01263  1.85039  0.42 
 2.04798  1.86351  0.42 
 2.05844  1.86667  0.42 
 2.08333  1.87489  0.42 
 2.11869  1.88419  0.42 
 2.15404  1.89135  0.42 
 2.18939  1.89659  0.42 
 2.22413  1.9  0.42 
 2.22475  1.90007  0.42 
 2.2601  1.90201  0.42 
 2.29545  1.90217  0.42 
 2.33081  1.90058  0.42 
 2.3371  1.9  0.42 


# Contour 12, label:     0.38
 2.54293  0.0807118  0.38 
 2.50758  0.0710139  0.38 
 2.48855  0.0666667  0.38 
 2.47222  0.0628685  0.38 
 2.43687  0.056208  0.38 
 2.40152  0.051239  0.38 
 2.36616  0.0479095  0.38 
 2.33081  0.0461871  0.38 
 2.29545  0.0460617  0.38 
 2.2601  0.0475495  0.38 
 2.22475  0.0506971  0.38 
 2.18939  0.0555878  0.38 
 2.15404  0.0623489  0.38 

 2.36616  1.95209  0.38 
 2.40152  1.94876  0.38 
 2.43687  1.94379  0.38 
 2.47222  1.93713  0.38 
 2.48855  1.93333  0.38 
 2.50758  1.92899  0.38 
 2.54293  1.91929  0.38 
 2.57828  1.90769  0.38 
 2.59872  1.9  0.38 
 2.61364  1.89437  0.38 
 2.64899  1.87933  0.38 
 2.67525  1.86667  0.38 
 2.68434  1.86221  0.38 
 2.7197  1.84322  0.38 
 2.73644  1.83333  0.38 
 2.75505  1.82202  0.38 
 2.78809  1.8  0.38 
 2.7904  1.7984  0.38 
 2.82576  1.77241  0.38 
 2.83309  1.76667  0.38 
 2.86111  1.74361  0.38 
 2.87294  1.73333  0.38 
 2.89646  1.71168  0.38 
 2.90862  1.7  0.38 
 2.93182  1.67621  0.38 
 2.94082  1.66667  0.38 
 2.96717  1.6366  0.38 
 2.96997  1.63333  0.38 
 2.99667  1.6  0.38 
 3.00253  1.59206  0.38 
 3.0211  1.56667  0.38 
 3.03788  1.54138  0.38 
 3.04321  1.53333  0.38 
 3.0636  1.5  0.38 
 3.07323  1.48257  0.38 
 3.08212  1.46667  0.38 
 3.09902  1.43333  0.38 
 3.10859  1.41228  0.38 
 3.11429  1.4  0.38 
 3.12828  1.36667  0.38 
 3.14056  1.33333  0.38 
 3.14394  1.32305  0.38 
 3.15179  1.3  0.38 
 3.16172  1.26667  0.38 
 3.17025  1.23333  0.38 
 3.17745  1.2  0.38 
 3.17929  1.18985  0.38 
 3.18372  1.16667  0.38 
 3.18887  1.13333  0.38 
 3.19282  1.1  0.38 
 3.19561  1.06667  0.38 
 3.19728  1.03333  0.38 
 3.19783  1  0.38 
 3.19728  0.966667  0.38 
 3.19561  0.933333  0.38 
 3.19282  0.9  0.38 
 3.18887  0.866667  0.38 
 3.18372  0.833333  0.38 
 3.17929  0.810146  0.38 
 3.17745  0.8  0.38 
 3.17025  0.766667  0.38 
 3.16172  0.733333  0.38 
 3.15179  0.7  0.38 
 3.14394  0.676946  0.38 
 3.14056  0.666667  0.38 
 3.12828  0.633333  0.38 
 3.11429  0.6  0.38 
 3.10859  0.587723  0.38 
 3.09902  0.566667  0.38 
 3.08212  0.533333  0.38 
 3.07323  0.517431  0.38 
 3.0636  0.5  0.38 
 3.04321  0.466667  0.38 
 3.03788  0.458623  0.38 
 3.0211  0.433333  0.38 
 3.00253  0.407935  0.38 
 2.99667  0.4  0.38 
 2.96997  0.366667  0.38 
 2.96717  0.363396  0.38 
 2.94082  0.333333  0.38 
 2.93182  0.323795  0.38 
 2.90862  0.3  0.38 
 2.89646  0.288316  0.38 
 2.87294  0.266667  0.38 
 2.86111  0.256386  0.38 
 2.83309  0.233333  0.38 
 2.82576  0.227591  0.38 
 2.7904  0.201601  0.38 
 2.78809  0.2  0.38 
 2.75505  0.177979  0.38 
 2.73644  0.166667  0.38 
 2.7197  0.156779  0.38 
 2.68434  0.137791  0.38 
 2.67525  0.133333  0.38 
 2.64899  0.120668  0.38 
 2.61364  0.105627  0.38 
 2.59872  0.1  0.38 
 2.57828  0.0923086  0.38 
 2.54293  0.0807118  0.38 

 2.15404  0.0623489  0.38 
 2.13673  0.0666667  0.38 
 2.11869  0.0707655  0.38 
 2.08333  0.0808724  0.38 
 2.04798  0.0933434  0.38 
 2.03238  0.1  0.38 
 2.01263  0.107769  0.38 
 1.97727  0.12453  0.38 
 1.9617  0.133333  0.38 
 1.94192  0.143768  0.38 
 1.90657  0.166194  0.38 
 1.90593  0.166667  0.38 
 1.87121  0.191039  0.38 
 1.86046  0.2  0.38 
 1.83586  0.219662  0.38 
 1.82139  0.233333  0.38 
 1.80051  0.2525  0.38 
 1.78738  0.266667  0.38 
 1.76515  0.290377  0.38 
 1.75743  0.3  0.38 
 1.73085  0.333333  0.38 
 1.7298  0.334633  0.38 
 1.70749  0.366667  0.38 
 1.69444  0.386156  0.38 
 1.68641  0.4  0.38 
 1.66763  0.433333  0.38 
 1.65909  0.44912  0.38 
 1.65079  0.466667  0.38 
 1.63577  0.5  0.38 
 1.62374  0.529353  0.38 
 1.62229  0.533333  0.38 
 1.61036  0.566667  0.38 
 1.59974  0.6  0.38 
 1.59035  0.633333  0.38 
 1.58838  0.640731  0.38 
 1.5821  0.666667  0.38 
 1.57486  0.7  0.38 
 1.56861  0.733333  0.38 
 1.56328  0.766667  0.38 
 1.55881  0.8  0.38 
 1.55514  0.833333  0.38 
 1.55303  0.857058  0.38 
 1.5522  0.866667  0.38 
 1.5499  0.9  0.38 
 1.54828  0.933333  0.38 
 1.54732  0.966667  0.38 
 1.547  1  0.38 
 1.54732  1.03333  0.38 
 1.54828  1.06667  0.38 
 1.5499  1.1  0.38 
 1.5522  1.13333  0.38 
 1.55303  1.14294  0.38 
 1.55514  1.16667  0.38 
 1.55881  1.2  0.38 
 1.56328  1.23333  0.38 
 1.56861  1.26667  0.38 
 1.57486  1.3  0.38 
 1.5821  1.33333  0.38 
 1.58838  1.35927  0.38 
 1.59035  1.36667  0.38 
 1.59974  1.4  0.38 
 1.61036  1.43333  0.38 
 1.62229  1.46667  0.38 
 1.62374  1.47065  0.38 
 1.63577  1.5  0.38 
 1.65079  1.53333  0.38 
 1.65909  1.55088  0.38 
 1.66763  1.56667  0.38 
 1.68641  1.6  0.38 
 1.69444  1.61384  0.38 
 1.70749  1.63333  0.38 
 1.7298  1.66537  0.38 
 1.73085  1.66667  0.38 
 1.75743  1.7  0.38 
 1.76515  1.70962  0.38 
 1.78738  1.73333  0.38 
 1.80051  1.7475  0.38 
 1.82139  1.76667  0.38 
 1.83586  1.78034  0.38 
 1.86046  1.8  0.38 
 1.87121  1.80896  0.38 
 1.90593  1.83333  0.38 
 1.90657  1.83381  0.38 
 1.94192  1.85623  0.38 
 1.9617  1.86667  0.38 
 1.97727  1.87547  0.38 
 2.01263  1.89223  0.38 
 2.03238  1.9  0.38 
 2.04798  1.90666  0.38 
 2.08333  1.91913  0.38 
 2.11869  1.92923  0.38 
 2.13673  1.93333  0.38 
 2.15404  1.93765  0.38 
 2.18939  1.94441  0.38 
 2.22475  1.9493  0.38 
 2.2601  1.95245  0.38 
 2.29545  1.95394  0.38 
 2.33081  1.95381  0.38 
 2.36616  1.95209  0.38 


# Contour 13, label:     0.36
 2.7197  0.115649  0.36 
 2.68787  0.1  0.36 
 2.68434  0.0982922  0.36 
 2.64899  0.0825169  0.36 
 2.61364  0.0688567  0.36 
 2.60729  0.0666667  0.36 
 2.57828  0.0566376  0.36 
 2.54293  0.0461917  0.36 
 2.50758  0.0375317  0.36 
 2.48665  0.0333333  0.36 
 2.47222  0.0303802  0.36 
 2.43687  0.0246441  0.36 
 2.40152  0.0205351  0.36 
 2.36616  0.0180158  0.36 
 2.33081  0.0170681  0.36 
 2.29545  0.0176961  0.36 
 2.2601  0.0199304  0.36 
 2.22475  0.0238323  0.36 
 2.18939  0.0295001  0.36 

 2.2601  1.98007  0.36 
 2.29545  1.9823  0.36 
 2.33081  1.98293  0.36 
 2.36616  1.98198  0.36 
 2.40152  1.97946  0.36 
 2.43687  1.97536  0.36 
 2.47222  1.96962  0.36 
 2.48665  1.96667  0.36 
 2.50758  1.96247  0.36 
 2.54293  1.95381  0.36 
 2.57828  1.94336  0.36 
 2.60729  1.93333  0.36 
 2.61364  1.93114  0.36 
 2.64899  1.91748  0.36 
 2.68434  1.90171  0.36 
 2.68787  1.9  0.36 
 2.7197  1.88435  0.36 
 2.75163  1.86667  0.36 
 2.75505  1.86473  0.36 
 2.7904  1.8432  0.36 
 2.80532  1.83333  0.36 
 2.82576  1.81932  0.36 
 2.85191  1.8  0.36 
 2.86111  1.7929  0.36 
 2.8931  1.76667  0.36 
 2.89646  1.76376  0.36 
 2.93002  1.73333  0.36 
 2.93182  1.7316  0.36 
 2.96343  1.7  0.36 
 2.96717  1.696  0.36 
 2.99384  1.66667  0.36 
 3.00253  1.65637  0.36 
 3.02159  1.63333  0.36 
 3.03788  1.61193  0.36 
 3.04687  1.6  0.36 
 3.06997  1.56667  0.36 
 3.07323  1.56159  0.36 
 3.09139  1.53333  0.36 
 3.10859  1.50357  0.36 
 3.11067  1.5  0.36 
 3.12866  1.46667  0.36 
 3.14394  1.43483  0.36 
 3.14467  1.43333  0.36 
 3.15968  1.4  0.36 
 3.17295  1.36667  0.36 
 3.17929  1.34881  0.36 
 3.18497  1.33333  0.36 
 3.19586  1.3  0.36 
 3.20531  1.26667  0.36 
 3.21344  1.23333  0.36 
 3.21465  1.22757  0.36 
 3.22071  1.2  0.36 
 3.22681  1.16667  0.36 
 3.23173  1.13333  0.36 
 3.2355  1.1  0.36 
 3.23817  1.06667  0.36 
 3.23977  1.03333  0.36 
 3.24029  1  0.36 
 3.23977  0.966667  0.36 
 3.23817  0.933333  0.36 
 3.2355  0.9  0.36 
 3.23173  0.866667  0.36 
 3.22681  0.833333  0.36 
 3.22071  0.8  0.36 
 3.21465  0.772434  0.36 
 3.21344  0.766667  0.36 
 3.20531  0.733333  0.36 
 3.19586  0.7  0.36 
 3.18497  0.666667  0.36 
 3.17929  0.651186  0.36 
 3.17295  0.633333  0.36 
 3.15968  0.6  0.36 
 3.14467  0.566667  0.36 
 3.14394  0.565167  0.36 
 3.12866  0.533333  0.36 
 3.11067  0.5  0.36 
 3.10859  0.49643  0.36 
 3.09139  0.466667  0.36 
 3.07323  0.438412  0.36 
 3.06997  0.433333  0.36 
 3.04687  0.4  0.36 
 3.03788  0.388067  0.36 
 3.02159  0.366667  0.36 
 3.00253  0.343628  0.36 
 2.99384  0.333333  0.36 
 2.96717  0.303997  0.36 
 2.96343  0.3  0.36 
 2.93182  0.268395  0.36 
 2.93002  0.266667  0.36 
 2.89646  0.236238  0.36 
 2.8931  0.233333  0.36 
 2.86111  0.207099  0.36 
 2.85191  0.2  0.36 
 2.82576  0.180681  0.36 
 2.80532  0.166667  0.36 
 2.7904  0.156796  0.36 
 2.75505  0.135273  0.36 
 2.75163  0.133333  0.36 
 2.7197  0.115649  0.36 

 2.18939  0.0295001  0.36 
 2.17155  0.0333333  0.36 
 2.15404  0.0367601  0.36 
 2.11869  0.0456001  0.36 
 2.08333  0.0565757  0.36 
 2.05669  0.0666667  0.36 
 2.04798  0.0697025  0.36 
 2.01263  0.0845009  0.36 
 1.9819  0.1  0.36 
 1.97727  0.102169  0.36 
 1.94192  0.121759  0.36 
 1.92436  0.133333  0.36 
 1.90657  0.144384  0.36 
 1.87644  0.166667  0.36 
 1.87121  0.170337  0.36 
 1.83586  0.199788  0.36 
 1.83564  0.2  0.36 
 1.80051  0.233199  0.36 
 1.80038  0.233333  0.36 
 1.76951  0.266667  0.36 
 1.76515  0.271319  0.36 
 1.74215  0.3  0.36 
 1.7298  0.315547  0.36 
 1.71763  0.333333  0.36 
 1.69557  0.366667  0.36 
 1.69444  0.368341  0.36 
 1.67608  0.4  0.36 
 1.65909  0.431721  0.36 
 1.65834  0.433333  0.36 
 1.64265  0.466667  0.36 
 1.62845  0.5  0.36 
 1.62374  0.511493  0.36 
 1.6158  0.533333  0.36 
 1.60453  0.566667  0.36 
 1.59449  0.6  0.36 
 1.58838  0.6222  0.36 
 1.58562  0.633333  0.36 
 1.5778  0.666667  0.36 
 1.57096  0.7  0.36 
 1.56505  0.733333  0.36 
 1.56001  0.766667  0.36 
 1.55579  0.8  0.36 
 1.55303  0.826183  0.36 
 1.55231  0.833333  0.36 
 1.54946  0.866667  0.36 
 1.54729  0.9  0.36 
 1.54575  0.933333  0.36 
 1.54484  0.966667  0.36 
 1.54454  1  0.36 
 1.54484  1.03333  0.36 
 1.54575  1.06667  0.36 
 1.54729  1.1  0.36 
 1.54946  1.13333  0.36 
 1.55231  1.16667  0.36 
 1.55303  1.17382  0.36 
 1.55579  1.2  0.36 
 1.56001  1.23333  0.36 
 1.56505  1.26667  0.36 
 1.57096  1.3  0.36 
 1.5778  1.33333  0.36 
 1.58562  1.36667  0.36 
 1.58838  1.3778  0.36 
 1.59449  1.4  0.36 
 1.60453  1.43333  0.36 
 1.6158  1.46667  0.36 
 1.62374  1.48851  0.36 
 1.62845  1.5  0.36 
 1.64265  1.53333  0.36 
 1.65834  1.56667  0.36 
 1.65909  1.56828  0.36 
 1.67608  1.6  0.36 
 1.69444  1.63166  0.36 
 1.69557  1.63333  0.36 
 1.71763  1.66667  0.36 
 1.7298  1.68445  0.36 
 1.74215  1.7  0.36 
 1.76515  1.72868  0.36 
 1.76951  1.73333  0.36 
 1.80038  1.76667  0.36 
 1.80051  1.7668  0.36 
 1.83564  1.8  0.36 
 1.83586  1.80021  0.36 
 1.87121  1.82966  0.36 
 1.87644  1.83333  0.36 
 1.90657  1.85562  0.36 
 1.92436  1.86667  0.36 
 1.94192  1.87824  0.36 
 1.97727  1.89783  0.36 
 1.9819  1.9  0.36 
 2.01263  1.9155  0.36 
 2.04798  1.9303  0.36 
 2.05669  1.93333  0.36 
 2.08333  1.94342  0.36 
 2.11869  1.9544  0.36 
 2.15404  1.96324  0.36 
 2.17155  1.96667  0.36 
 2.18939  1.9705  0.36 
 2.22475  1.97617  0.36 
 2.2601  1.98007  0.36 

