
# Surface 0 of 1 surfaces

# Curve title: "v(x,y)"

# Contour 0, label:    -0.36
 1.05808  0.121759 -0.36 
 1.02273  0.102169 -0.36 
 1.0181  0.1 -0.36 
 0.987374  0.0845009 -0.36 
 0.95202  0.0697025 -0.36 
 0.943307  0.0666667 -0.36 
 0.916667  0.0565757 -0.36 
 0.881313  0.0456001 -0.36 
 0.84596  0.0367601 -0.36 
 0.828448  0.0333333 -0.36 
 0.810606  0.0295001 -0.36 
 0.775253  0.0238323 -0.36 
 0.739899  0.0199304 -0.36 
 0.704545  0.0176961 -0.36 
 0.669192  0.0170681 -0.36 
 0.633838  0.0180158 -0.36 
 0.598485  0.0205351 -0.36 
 0.563131  0.0246441 -0.36 
 0.527778  0.0303802 -0.36 

 0.421717  1.94336 -0.36 
 0.457071  1.95381 -0.36 
 0.492424  1.96247 -0.36 
 0.513354  1.96667 -0.36 
 0.527778  1.96962 -0.36 
 0.563131  1.97536 -0.36 
 0.598485  1.97946 -0.36 
 0.633838  1.98198 -0.36 
 0.669192  1.98293 -0.36 
 0.704545  1.9823 -0.36 
 0.739899  1.98007 -0.36 
 0.775253  1.97617 -0.36 
 0.810606  1.9705 -0.36 
 0.828448  1.96667 -0.36 
 0.84596  1.96324 -0.36 
 0.881313  1.9544 -0.36 
 0.916667  1.94342 -0.36 
 0.943307  1.93333 -0.36 
 0.95202  1.9303 -0.36 
 0.987374  1.9155 -0.36 
 1.0181  1.9 -0.36 
 1.02273  1.89783 -0.36 
 1.05808  1.87824 -0.36 
 1.07564  1.86667 -0.36 
 1.09343  1.85562 -0.36 
 1.12356  1.83333 -0.36 
 1.12879  1.82966 -0.36 
 1.16414  1.80021 -0.36 
 1.16436  1.8 -0.36 
 1.19949  1.7668 -0.36 
 1.19962  1.76667 -0.36 
 1.23049  1.73333 -0.36 
 1.23485  1.72868 -0.36 
 1.25785  1.7 -0.36 
 1.2702  1.68445 -0.36 
 1.28237  1.66667 -0.36 
 1.30443  1.63333 -0.36 
 1.30556  1.63166 -0.36 
 1.32392  1.6 -0.36 
 1.34091  1.56828 -0.36 
 1.34166  1.56667 -0.36 
 1.35735  1.53333 -0.36 
 1.37155  1.5 -0.36 
 1.37626  1.48851 -0.36 
 1.3842  1.46667 -0.36 
 1.39547  1.43333 -0.36 
 1.40551  1.4 -0.36 
 1.41162  1.3778 -0.36 
 1.41438  1.36667 -0.36 
 1.4222  1.33333 -0.36 
 1.42904  1.3 -0.36 
 1.43495  1.26667 -0.36 
 1.43999  1.23333 -0.36 
 1.44421  1.2 -0.36 
 1.44697  1.17382 -0.36 
 1.44769  1.16667 -0.36 
 1.45054  1.13333 -0.36 
 1.45271  1.1 -0.36 
 1.45425  1.06667 -0.36 
 1.45516  1.03333 -0.36 
 1.45546  1 -0.36 
 1.45516  0.966667 -0.36 
 1.45425  0.933333 -0.36 
 1.45271  0.9 -0.36 
 1.45054  0.866667 -0.36 
 1.44769  0.833333 -0.36 
 1.44697  0.826183 -0.36 
 1.44421  0.8 -0.36 
 1.43999  0.766667 -0.36 
 1.43495  0.733333 -0.36 
 1.42904  0.7 -0.36 
 1.4222  0.666667 -0.36 
 1.41438  0.633333 -0.36 
 1.41162  0.6222 -0.36 
 1.40551  0.6 -0.36 
 1.39547  0.566667 -0.36 
 1.3842  0.533333 -0.36 
 1.37626  0.511493 -0.36 
 1.37155  0.5 -0.36 
 1.35735  0.466667 -0.36 
 1.34166  0.433333 -0.36 
 1.34091  0.431721 -0.36 
 1.32392  0.4 -0.36 
 1.30556  0.368341 -0.36 
 1.30443  0.366667 -0.36 
 1.28237  0.333333 -0.36 
 1.2702  0.315547 -0.36 
 1.25785  0.3 -0.36 
 1.23485  0.271319 -0.36 
 1.23049  0.266667 -0.36 
 1.19962  0.233333 -0.36 
 1.19949  0.233199 -0.36 
 1.16436  0.2 -0.36 
 1.16414  0.199788 -0.36 
 1.12879  0.170337 -0.36 
 1.12356  0.166667 -0.36 
 1.09343  0.144384 -0.36 
 1.07564  0.133333 -0.36 
 1.05808  0.121759 -0.36 

 0.527778  0.0303802 -0.36 
 0.513354  0.0333333 -0.36 
 0.492424  0.0375317 -0.36 
 0.457071  0.0461917 -0.36 
 0.421717  0.0566376 -0.36 
 0.392708  0.0666667 -0.36 
 0.386364  0.0688567 -0.36 
 0.35101  0.0825169 -0.36 
 0.315657  0.0982922 -0.36 
 0.312129  0.1 -0.36 
 0.280303  0.115649 -0.36 
 0.24837  0.133333 -0.36 
 0.244949  0.135273 -0.36 
 0.209596  0.156796 -0.36 
 0.194681  0.166667 -0.36 
 0.174242  0.180681 -0.36 
 0.14809  0.2 -0.36 
 0.138889  0.207099 -0.36 
 0.106899  0.233333 -0.36 
 0.103535  0.236238 -0.36 
 0.0699777  0.266667 -0.36 
 0.0681818  0.268395 -0.36 
 0.0365657  0.3 -0.36 
 0.0328283  0.303997 -0.36 
 0.00615521  0.333333 -0.36 
-0.00252525  0.343628 -0.36 
-0.0215867  0.366667 -0.36 
-0.0378788  0.388067 -0.36 
-0.0468671  0.4 -0.36 
-0.0699743  0.433333 -0.36 
-0.0732323  0.438412 -0.36 
-0.0913875  0.466667 -0.36 
-0.108586  0.49643 -0.36 
-0.110666  0.5 -0.36 
-0.128663  0.533333 -0.36 
-0.143939  0.565167 -0.36 
-0.144672  0.566667 -0.36 
-0.159684  0.6 -0.36 
-0.172953  0.633333 -0.36 
-0.179293  0.651186 -0.36 
-0.18497  0.666667 -0.36 
-0.195855  0.7 -0.36 
-0.205312  0.733333 -0.36 
-0.213438  0.766667 -0.36 
-0.214646  0.772434 -0.36 
-0.220707  0.8 -0.36 
-0.226812  0.833333 -0.36 
-0.231728  0.866667 -0.36 
-0.235503  0.9 -0.36 
-0.238174  0.933333 -0.36 
-0.239766  0.966667 -0.36 
-0.240295  1 -0.36 
-0.239766  1.03333 -0.36 
-0.238174  1.06667 -0.36 
-0.235503  1.1 -0.36 
-0.231728  1.13333 -0.36 
-0.226812  1.16667 -0.36 
-0.220707  1.2 -0.36 
-0.214646  1.22757 -0.36 
-0.213438  1.23333 -0.36 
-0.205312  1.26667 -0.36 
-0.195855  1.3 -0.36 
-0.18497  1.33333 -0.36 
-0.179293  1.34881 -0.36 
-0.172953  1.36667 -0.36 
-0.159684  1.4 -0.36 
-0.144672  1.43333 -0.36 
-0.143939  1.43483 -0.36 
-0.128663  1.46667 -0.36 
-0.110666  1.5 -0.36 
-0.108586  1.50357 -0.36 
-0.0913875  1.53333 -0.36 
-0.0732323  1.56159 -0.36 
-0.0699743  1.56667 -0.36 
-0.0468671  1.6 -0.36 
-0.0378788  1.61193 -0.36 
-0.0215867  1.63333 -0.36 
-0.00252525  1.65637 -0.36 
 0.00615521  1.66667 -0.36 
 0.0328283  1.696 -0.36 
 0.0365657  1.7 -0.36 
 0.0681818  1.7316 -0.36 
 0.0699777  1.73333 -0.36 
 0.103535  1.76376 -0.36 
 0.106899  1.76667 -0.36 
 0.138889  1.7929 -0.36 
 0.14809  1.8 -0.36 
 0.174242  1.81932 -0.36 
 0.194681  1.83333 -0.36 
 0.209596  1.8432 -0.36 
 0.244949  1.86473 -0.36 
 0.24837  1.86667 -0.36 
 0.280303  1.88435 -0.36 
 0.312129  1.9 -0.36 
 0.315657  1.90171 -0.36 
 0.35101  1.91748 -0.36 
 0.386364  1.93114 -0.36 
 0.392708  1.93333 -0.36 
 0.421717  1.94336 -0.36 


# Contour 1, label:    -0.38
 0.916667  0.0808724 -0.38 
 0.881313  0.0707655 -0.38 
 0.863271  0.0666667 -0.38 
 0.84596  0.0623489 -0.38 
 0.810606  0.0555878 -0.38 
 0.775253  0.0506971 -0.38 
 0.739899  0.0475495 -0.38 
 0.704545  0.0460617 -0.38 
 0.669192  0.0461871 -0.38 
 0.633838  0.0479095 -0.38 
 0.598485  0.051239 -0.38 
 0.563131  0.056208 -0.38 
 0.527778  0.0628685 -0.38 

 0.527778  1.93713 -0.38 
 0.563131  1.94379 -0.38 
 0.598485  1.94876 -0.38 
 0.633838  1.95209 -0.38 
 0.669192  1.95381 -0.38 
 0.704545  1.95394 -0.38 
 0.739899  1.95245 -0.38 
 0.775253  1.9493 -0.38 
 0.810606  1.94441 -0.38 
 0.84596  1.93765 -0.38 
 0.863271  1.93333 -0.38 
 0.881313  1.92923 -0.38 
 0.916667  1.91913 -0.38 
 0.95202  1.90666 -0.38 
 0.967623  1.9 -0.38 
 0.987374  1.89223 -0.38 
 1.02273  1.87547 -0.38 
 1.0383  1.86667 -0.38 
 1.05808  1.85623 -0.38 
 1.09343  1.83381 -0.38 
 1.09407  1.83333 -0.38 
 1.12879  1.80896 -0.38 
 1.13954  1.8 -0.38 
 1.16414  1.78034 -0.38 
 1.17861  1.76667 -0.38 
 1.19949  1.7475 -0.38 
 1.21262  1.73333 -0.38 
 1.23485  1.70962 -0.38 
 1.24257  1.7 -0.38 
 1.26915  1.66667 -0.38 
 1.2702  1.66537 -0.38 
 1.29251  1.63333 -0.38 
 1.30556  1.61384 -0.38 
 1.31359  1.6 -0.38 
 1.33237  1.56667 -0.38 
 1.34091  1.55088 -0.38 
 1.34921  1.53333 -0.38 
 1.36423  1.5 -0.38 
 1.37626  1.47065 -0.38 
 1.37771  1.46667 -0.38 
 1.38964  1.43333 -0.38 
 1.40026  1.4 -0.38 
 1.40965  1.36667 -0.38 
 1.41162  1.35927 -0.38 
 1.4179  1.33333 -0.38 
 1.42514  1.3 -0.38 
 1.43139  1.26667 -0.38 
 1.43672  1.23333 -0.38 
 1.44119  1.2 -0.38 
 1.44486  1.16667 -0.38 
 1.44697  1.14294 -0.38 
 1.4478  1.13333 -0.38 
 1.4501  1.1 -0.38 
 1.45172  1.06667 -0.38 
 1.45268  1.03333 -0.38 
 1.453  1 -0.38 
 1.45268  0.966667 -0.38 
 1.45172  0.933333 -0.38 
 1.4501  0.9 -0.38 
 1.4478  0.866667 -0.38 
 1.44697  0.857058 -0.38 
 1.44486  0.833333 -0.38 
 1.44119  0.8 -0.38 
 1.43672  0.766667 -0.38 
 1.43139  0.733333 -0.38 
 1.42514  0.7 -0.38 
 1.4179  0.666667 -0.38 
 1.41162  0.640731 -0.38 
 1.40965  0.633333 -0.38 
 1.40026  0.6 -0.38 
 1.38964  0.566667 -0.38 
 1.37771  0.533333 -0.38 
 1.37626  0.529353 -0.38 
 1.36423  0.5 -0.38 
 1.34921  0.466667 -0.38 
 1.34091  0.44912 -0.38 
 1.33237  0.433333 -0.38 
 1.31359  0.4 -0.38 
 1.30556  0.386156 -0.38 
 1.29251  0.366667 -0.38 
 1.2702  0.334633 -0.38 
 1.26915  0.333333 -0.38 
 1.24257  0.3 -0.38 
 1.23485  0.290377 -0.38 
 1.21262  0.266667 -0.38 
 1.19949  0.2525 -0.38 
 1.17861  0.233333 -0.38 
 1.16414  0.219662 -0.38 
 1.13954  0.2 -0.38 
 1.12879  0.191039 -0.38 
 1.09407  0.166667 -0.38 
 1.09343  0.166194 -0.38 
 1.05808  0.143768 -0.38 
 1.0383  0.133333 -0.38 
 1.02273  0.12453 -0.38 
 0.987374  0.107769 -0.38 
 0.967623  0.1 -0.38 
 0.95202  0.0933434 -0.38 
 0.916667  0.0808724 -0.38 

 0.527778  0.0628685 -0.38 
 0.511446  0.0666667 -0.38 
 0.492424  0.0710139 -0.38 
 0.457071  0.0807118 -0.38 
 0.421717  0.0923086 -0.38 
 0.401282  0.1 -0.38 
 0.386364  0.105627 -0.38 
 0.35101  0.120668 -0.38 
 0.324753  0.133333 -0.38 
 0.315657  0.137791 -0.38 
 0.280303  0.156779 -0.38 
 0.263564  0.166667 -0.38 
 0.244949  0.177979 -0.38 
 0.21191  0.2 -0.38 
 0.209596  0.201601 -0.38 
 0.174242  0.227591 -0.38 
 0.166913  0.233333 -0.38 
 0.138889  0.256386 -0.38 
 0.127061  0.266667 -0.38 
 0.103535  0.288316 -0.38 
 0.0913764  0.3 -0.38 
 0.0681818  0.323795 -0.38 
 0.0591815  0.333333 -0.38 
 0.0328283  0.363396 -0.38 
 0.0300262  0.366667 -0.38 
 0.00332835  0.4 -0.38 
-0.00252525  0.407935 -0.38 
-0.0210974  0.433333 -0.38 
-0.0378788  0.458623 -0.38 
-0.0432122  0.466667 -0.38 
-0.0635963  0.5 -0.38 
-0.0732323  0.517431 -0.38 
-0.0821219  0.533333 -0.38 
-0.0990237  0.566667 -0.38 
-0.108586  0.587723 -0.38 
-0.114285  0.6 -0.38 
-0.128279  0.633333 -0.38 
-0.140565  0.666667 -0.38 
-0.143939  0.676946 -0.38 
-0.151786  0.7 -0.38 
-0.16172  0.733333 -0.38 
-0.170245  0.766667 -0.38 
-0.177454  0.8 -0.38 
-0.179293  0.810146 -0.38 
-0.183721  0.833333 -0.38 
-0.188869  0.866667 -0.38 
-0.19282  0.9 -0.38 
-0.195614  0.933333 -0.38 
-0.197279  0.966667 -0.38 
-0.197832  1 -0.38 
-0.197279  1.03333 -0.38 
-0.195614  1.06667 -0.38 
-0.19282  1.1 -0.38 
-0.188869  1.13333 -0.38 
-0.183721  1.16667 -0.38 
-0.179293  1.18985 -0.38 
-0.177454  1.2 -0.38 
-0.170245  1.23333 -0.38 
-0.16172  1.26667 -0.38 
-0.151786  1.3 -0.38 
-0.143939  1.32305 -0.38 
-0.140565  1.33333 -0.38 
-0.128279  1.36667 -0.38 
-0.114285  1.4 -0.38 
-0.108586  1.41228 -0.38 
-0.0990237  1.43333 -0.38 
-0.0821219  1.46667 -0.38 
-0.0732323  1.48257 -0.38 
-0.0635963  1.5 -0.38 
-0.0432122  1.53333 -0.38 
-0.0378788  1.54138 -0.38 
-0.0210974  1.56667 -0.38 
-0.00252525  1.59206 -0.38 
 0.00332835  1.6 -0.38 
 0.0300262  1.63333 -0.38 
 0.0328283  1.6366 -0.38 
 0.0591815  1.66667 -0.38 
 0.0681818  1.67621 -0.38 
 0.0913764  1.7 -0.38 
 0.103535  1.71168 -0.38 
 0.127061  1.73333 -0.38 
 0.138889  1.74361 -0.38 
 0.166913  1.76667 -0.38 
 0.174242  1.77241 -0.38 
 0.209596  1.7984 -0.38 
 0.21191  1.8 -0.38 
 0.244949  1.82202 -0.38 
 0.263564  1.83333 -0.38 
 0.280303  1.84322 -0.38 
 0.315657  1.86221 -0.38 
 0.324753  1.86667 -0.38 
 0.35101  1.87933 -0.38 
 0.386364  1.89437 -0.38 
 0.401282  1.9 -0.38 
 0.421717  1.90769 -0.38 
 0.457071  1.91929 -0.38 
 0.492424  1.92899 -0.38 
 0.511446  1.93333 -0.38 
 0.527778  1.93713 -0.38 


# Contour 2, label:    -0.42
 0.739899  0.0979913 -0.42 
 0.704545  0.0978318 -0.42 
 0.669192  0.0994223 -0.42 

 0.669192  1.90058 -0.42 
 0.704545  1.90217 -0.42 
 0.739899  1.90201 -0.42 
 0.775253  1.90007 -0.42 
 0.775874  1.9 -0.42 
 0.810606  1.89659 -0.42 
 0.84596  1.89135 -0.42 
 0.881313  1.88419 -0.42 
 0.916667  1.87489 -0.42 
 0.941555  1.86667 -0.42 
 0.95202  1.86351 -0.42 
 0.987374  1.85039 -0.42 
 1.02273  1.83428 -0.42 
 1.02448  1.83333 -0.42 
 1.05808  1.81643 -0.42 
 1.08497  1.8 -0.42 
 1.09343  1.79516 -0.42 
 1.12879  1.77096 -0.42 
 1.1341  1.76667 -0.42 
 1.16414  1.74343 -0.42 
 1.17511  1.73333 -0.42 
 1.19949  1.71159 -0.42 
 1.21048  1.7 -0.42 
 1.23485  1.67464 -0.42 
 1.24138  1.66667 -0.42 
 1.26858  1.63333 -0.42 
 1.2702  1.63136 -0.42 
 1.29239  1.6 -0.42 
 1.30556  1.58061 -0.42 
 1.31375  1.56667 -0.42 
 1.3327  1.53333 -0.42 
 1.34091  1.51823 -0.42 
 1.34958  1.5 -0.42 
 1.36458  1.46667 -0.42 
 1.37626  1.43802 -0.42 
 1.37796  1.43333 -0.42 
 1.38976  1.4 -0.42 
 1.40019  1.36667 -0.42 
 1.40933  1.33333 -0.42 
 1.41162  1.32437 -0.42 
 1.41732  1.3 -0.42 
 1.42426  1.26667 -0.42 
 1.43018  1.23333 -0.42 
 1.43516  1.2 -0.42 
 1.43924  1.16667 -0.42 
 1.44249  1.13333 -0.42 
 1.44495  1.1 -0.42 
 1.44668  1.06667 -0.42 
 1.44697  1.05727 -0.42 
 1.44773  1.03333 -0.42 
 1.44808  1 -0.42 
 1.44773  0.966667 -0.42 
 1.44697  0.942726 -0.42 
 1.44668  0.933333 -0.42 
 1.44495  0.9 -0.42 
 1.44249  0.866667 -0.42 
 1.43924  0.833333 -0.42 
 1.43516  0.8 -0.42 
 1.43018  0.766667 -0.42 
 1.42426  0.733333 -0.42 
 1.41732  0.7 -0.42 
 1.41162  0.675634 -0.42 
 1.40933  0.666667 -0.42 
 1.40019  0.633333 -0.42 
 1.38976  0.6 -0.42 
 1.37796  0.566667 -0.42 
 1.37626  0.561978 -0.42 
 1.36458  0.533333 -0.42 
 1.34958  0.5 -0.42 
 1.34091  0.481773 -0.42 
 1.3327  0.466667 -0.42 
 1.31375  0.433333 -0.42 
 1.30556  0.419388 -0.42 
 1.29239  0.4 -0.42 
 1.2702  0.368636 -0.42 
 1.26858  0.366667 -0.42 
 1.24138  0.333333 -0.42 
 1.23485  0.325357 -0.42 
 1.21048  0.3 -0.42 
 1.19949  0.288415 -0.42 
 1.17511  0.266667 -0.42 
 1.16414  0.256573 -0.42 
 1.1341  0.233333 -0.42 
 1.12879  0.229038 -0.42 
 1.09343  0.204837 -0.42 
 1.08497  0.2 -0.42 
 1.05808  0.183575 -0.42 
 1.02448  0.166667 -0.42 
 1.02273  0.16572 -0.42 
 0.987374  0.149608 -0.42 
 0.95202  0.136489 -0.42 
 0.941555  0.133333 -0.42 
 0.916667  0.125107 -0.42 
 0.881313  0.115812 -0.42 
 0.84596  0.108649 -0.42 
 0.810606  0.103405 -0.42 
 0.775874  0.1 -0.42 
 0.775253  0.0999324 -0.42 
 0.739899  0.0979913 -0.42 

 0.669192  0.0994223 -0.42 
 0.662903  0.1 -0.42 
 0.633838  0.102564 -0.42 
 0.598485  0.107338 -0.42 
 0.563131  0.113851 -0.42 
 0.527778  0.122187 -0.42 
 0.492424  0.13245 -0.42 
 0.489759  0.133333 -0.42 
 0.457071  0.144117 -0.42 
 0.421717  0.157872 -0.42 
 0.401825  0.166667 -0.42 
 0.386364  0.173574 -0.42 
 0.35101  0.191282 -0.42 
 0.335297  0.2 -0.42 
 0.315657  0.211174 -0.42 
 0.280647  0.233333 -0.42 
 0.280303  0.233559 -0.42 
 0.244949  0.258246 -0.42 
 0.233787  0.266667 -0.42 
 0.209596  0.285819 -0.42 
 0.192775  0.3 -0.42 
 0.174242  0.316551 -0.42 
 0.156353  0.333333 -0.42 
 0.138889  0.350852 -0.42 
 0.123695  0.366667 -0.42 
 0.103535  0.389314 -0.42 
 0.0942654  0.4 -0.42 
 0.0681818  0.432754 -0.42 
 0.0677279  0.433333 -0.42 
 0.0432966  0.466667 -0.42 
 0.0328283  0.48248 -0.42 
 0.0212406  0.5 -0.42 
 0.00132955  0.533333 -0.42 
-0.00252525  0.540409 -0.42 
-0.0170106  0.566667 -0.42 
-0.0333332  0.6 -0.42 
-0.0378788  0.610307 -0.42 
-0.0482875  0.633333 -0.42 
-0.0616317  0.666667 -0.42 
-0.0732299  0.7 -0.42 
-0.0839642  0.733333 -0.42 
-0.0931512  0.766667 -0.42 
-0.100899  0.8 -0.42 
-0.107302  0.833333 -0.42 
-0.108586  0.841571 -0.42 
-0.112731  0.866667 -0.42 
-0.116966  0.9 -0.42 
-0.119958  0.933333 -0.42 
-0.12174  0.966667 -0.42 
-0.122332  1 -0.42 
-0.12174  1.03333 -0.42 
-0.119958  1.06667 -0.42 
-0.116966  1.1 -0.42 
-0.112731  1.13333 -0.42 
-0.108586  1.15843 -0.42 
-0.107302  1.16667 -0.42 
-0.100899  1.2 -0.42 
-0.0931512  1.23333 -0.42 
-0.0839642  1.26667 -0.42 
-0.0732323  1.29999 -0.42 
-0.0616317  1.33333 -0.42 
-0.0482875  1.36667 -0.42 
-0.0378788  1.38969 -0.42 
-0.0333332  1.4 -0.42 
-0.0170106  1.43333 -0.42 
-0.00252525  1.45959 -0.42 
 0.00132955  1.46667 -0.42 
 0.0212406  1.5 -0.42 
 0.0328283  1.51752 -0.42 
 0.0432966  1.53333 -0.42 
 0.0677279  1.56667 -0.42 
 0.0681818  1.56725 -0.42 
 0.0942654  1.6 -0.42 
 0.103535  1.61069 -0.42 
 0.123695  1.63333 -0.42 
 0.138889  1.64915 -0.42 
 0.156353  1.66667 -0.42 
 0.174242  1.68345 -0.42 
 0.192775  1.7 -0.42 
 0.209596  1.71418 -0.42 
 0.233787  1.73333 -0.42 
 0.244949  1.74175 -0.42 
 0.280303  1.76644 -0.42 
 0.280647  1.76667 -0.42 
 0.315657  1.78883 -0.42 
 0.335297  1.8 -0.42 
 0.35101  1.80872 -0.42 
 0.386364  1.82643 -0.42 
 0.401825  1.83333 -0.42 
 0.421717  1.84213 -0.42 
 0.457071  1.85588 -0.42 
 0.489759  1.86667 -0.42 
 0.492424  1.86755 -0.42 
 0.527778  1.87781 -0.42 
 0.563131  1.88615 -0.42 
 0.598485  1.89266 -0.42 
 0.633838  1.89744 -0.42 
 0.662903  1.9 -0.42 
 0.669192  1.90058 -0.42 


# Contour 3, label:    -0.45
 0.775253  1.86711 -0.45 
 0.780571  1.86667 -0.45 
 0.810606  1.86444 -0.45 
 0.84596  1.86002 -0.45 
 0.881313  1.85369 -0.45 
 0.916667  1.84526 -0.45 
 0.95202  1.83444 -0.45 
 0.954952  1.83333 -0.45 
 0.987374  1.82211 -0.45 
 1.02273  1.80698 -0.45 
 1.03623  1.8 -0.45 
 1.05808  1.78953 -0.45 
 1.09343  1.76887 -0.45 
 1.09662  1.76667 -0.45 
 1.12879  1.74569 -0.45 
 1.14453  1.73333 -0.45 
 1.16414  1.71865 -0.45 
 1.18495  1.7 -0.45 
 1.19949  1.68738 -0.45 
 1.21959  1.66667 -0.45 
 1.23485  1.65115 -0.45 
 1.24972  1.63333 -0.45 
 1.2702  1.60854 -0.45 
 1.27624  1.6 -0.45 
 1.29955  1.56667 -0.45 
 1.30556  1.55792 -0.45 
 1.32014  1.53333 -0.45 
 1.33854  1.5 -0.45 
 1.34091  1.49565 -0.45 
 1.35473  1.46667 -0.45 
 1.36914  1.43333 -0.45 
 1.37626  1.41565 -0.45 
 1.38188  1.4 -0.45 
 1.39311  1.36667 -0.45 
 1.40294  1.33333 -0.45 
 1.41146  1.3 -0.45 
 1.41162  1.29937 -0.45 
 1.41891  1.26667 -0.45 
 1.42528  1.23333 -0.45 
 1.43063  1.2 -0.45 
 1.43503  1.16667 -0.45 
 1.43852  1.13333 -0.45 
 1.44118  1.1 -0.45 
 1.44304  1.06667 -0.45 
 1.44415  1.03333 -0.45 
 1.44451  1 -0.45 
 1.44415  0.966667 -0.45 
 1.44304  0.933333 -0.45 
 1.44118  0.9 -0.45 
 1.43852  0.866667 -0.45 
 1.43503  0.833333 -0.45 
 1.43063  0.8 -0.45 
 1.42528  0.766667 -0.45 
 1.41891  0.733333 -0.45 
 1.41162  0.700634 -0.45 
 1.41146  0.7 -0.45 
 1.40294  0.666667 -0.45 
 1.39311  0.633333 -0.45 
 1.38188  0.6 -0.45 
 1.37626  0.584349 -0.45 
 1.36914  0.566667 -0.45 
 1.35473  0.533333 -0.45 
 1.34091  0.504354 -0.45 
 1.33854  0.5 -0.45 
 1.32014  0.466667 -0.45 
 1.30556  0.442084 -0.45 
 1.29955  0.433333 -0.45 
 1.27624  0.4 -0.45 
 1.2702  0.391458 -0.45 
 1.24972  0.366667 -0.45 
 1.23485  0.348846 -0.45 
 1.21959  0.333333 -0.45 
 1.19949  0.312617 -0.45 
 1.18495  0.3 -0.45 
 1.16414  0.281352 -0.45 
 1.14453  0.266667 -0.45 
 1.12879  0.254311 -0.45 
 1.09662  0.233333 -0.45 
 1.09343  0.231135 -0.45 
 1.05808  0.210471 -0.45 
 1.03623  0.2 -0.45 
 1.02273  0.193015 -0.45 
 0.987374  0.177887 -0.45 
 0.954952  0.166667 -0.45 
 0.95202  0.165557 -0.45 
 0.916667  0.154744 -0.45 
 0.881313  0.146309 -0.45 
 0.84596  0.139979 -0.45 
 0.810606  0.135562 -0.45 
 0.780571  0.133333 -0.45 
 0.775253  0.132893 -0.45 
 0.739899  0.13189 -0.45 
 0.704545  0.132713 -0.45 

 0.704545  0.132713 -0.45 
 0.69601  0.133333 -0.45 
 0.669192  0.135196 -0.45 
 0.633838  0.139344 -0.45 
 0.598485  0.145267 -0.45 
 0.563131  0.15305 -0.45 
 0.527778  0.162797 -0.45 
 0.515793  0.166667 -0.45 
 0.492424  0.174162 -0.45 
 0.457071  0.187472 -0.45 
 0.42845  0.2 -0.45 
 0.421717  0.202977 -0.45 
 0.386364  0.220326 -0.45 
 0.362919  0.233333 -0.45 
 0.35101  0.240113 -0.45 
 0.315657  0.262287 -0.45 
 0.309178  0.266667 -0.45 
 0.280303  0.286995 -0.45 
 0.263253  0.3 -0.45 
 0.244949  0.31469 -0.45 
 0.223156  0.333333 -0.45 
 0.209596  0.345665 -0.45 
 0.187614  0.366667 -0.45 
 0.174242  0.380386 -0.45 
 0.155806  0.4 -0.45 
 0.138889  0.419527 -0.45 
 0.127216  0.433333 -0.45 
 0.103535  0.464027 -0.45 
 0.101527  0.466667 -0.45 
 0.0779828  0.5 -0.45 
 0.0681818  0.51542 -0.45 
 0.0567737  0.533333 -0.45 
 0.0377009  0.566667 -0.45 
 0.0328283  0.576088 -0.45 
 0.0202577  0.6 -0.45 
 0.00473971  0.633333 -0.45 
-0.00252525  0.650943 -0.45 
-0.00920337  0.666667 -0.45 
-0.0217486  0.7 -0.45 
-0.0325507  0.733333 -0.45 
-0.0378788  0.752395 -0.45 
-0.0420529  0.766667 -0.45 
-0.0503972  0.8 -0.45 
-0.0572862  0.833333 -0.45 
-0.0628065  0.866667 -0.45 
-0.0670282  0.9 -0.45 
-0.0700054  0.933333 -0.45 
-0.0717764  0.966667 -0.45 
-0.0723642  1 -0.45 
-0.0717764  1.03333 -0.45 
-0.0700054  1.06667 -0.45 
-0.0670282  1.1 -0.45 
-0.0628065  1.13333 -0.45 
-0.0572862  1.16667 -0.45 
-0.0503972  1.2 -0.45 
-0.0420529  1.23333 -0.45 
-0.0378788  1.2476 -0.45 
-0.0325507  1.26667 -0.45 
-0.0217486  1.3 -0.45 
-0.00920337  1.33333 -0.45 
-0.00252525  1.34906 -0.45 
 0.00473971  1.36667 -0.45 
 0.0202577  1.4 -0.45 
 0.0328283  1.42391 -0.45 
 0.0377009  1.43333 -0.45 
 0.0567737  1.46667 -0.45 
 0.0681818  1.48458 -0.45 
 0.0779828  1.5 -0.45 
 0.101527  1.53333 -0.45 
 0.103535  1.53597 -0.45 
 0.127216  1.56667 -0.45 
 0.138889  1.58047 -0.45 
 0.155806  1.6 -0.45 
 0.174242  1.61961 -0.45 
 0.187614  1.63333 -0.45 
 0.209596  1.65433 -0.45 
 0.223156  1.66667 -0.45 
 0.244949  1.68531 -0.45 
 0.263253  1.7 -0.45 
 0.280303  1.713 -0.45 
 0.309178  1.73333 -0.45 
 0.315657  1.73771 -0.45 
 0.35101  1.75989 -0.45 
 0.362919  1.76667 -0.45 
 0.386364  1.77967 -0.45 
 0.421717  1.79702 -0.45 
 0.42845  1.8 -0.45 
 0.457071  1.81253 -0.45 
 0.492424  1.82584 -0.45 
 0.515793  1.83333 -0.45 
 0.527778  1.8372 -0.45 
 0.563131  1.84695 -0.45 
 0.598485  1.85473 -0.45 
 0.633838  1.86066 -0.45 
 0.669192  1.8648 -0.45 
 0.69601  1.86667 -0.45 
 0.704545  1.86729 -0.45 
 0.739899  1.86811 -0.45 
 0.775253  1.86711 -0.45 


# Contour 4, label:     -0.5
 1.05808  1.74959 -0.5 
 1.08691  1.73333 -0.5 
 1.09343  1.72991 -0.5 
 1.12879  1.70752 -0.5 
 1.13865  1.7 -0.5 
 1.16414  1.68152 -0.5 
 1.18114  1.66667 -0.5 
 1.19949  1.65117 -0.5 
 1.21717  1.63333 -0.5 
 1.23485  1.61574 -0.5 
 1.24822  1.6 -0.5 
 1.2702  1.57382 -0.5 
 1.27534  1.56667 -0.5 
 1.29898  1.53333 -0.5 
 1.30556  1.52383 -0.5 
 1.31979  1.5 -0.5 
 1.33825  1.46667 -0.5 
 1.34091  1.46175 -0.5 
 1.35443  1.43333 -0.5 
 1.36873  1.4 -0.5 
 1.37626  1.38089 -0.5 
 1.38129  1.36667 -0.5 
 1.3923  1.33333 -0.5 
 1.40186  1.3 -0.5 
 1.41004  1.26667 -0.5 
 1.41162  1.25959 -0.5 
 1.41711  1.23333 -0.5 
 1.42309  1.2 -0.5 
 1.428  1.16667 -0.5 
 1.43192  1.13333 -0.5 
 1.4349  1.1 -0.5 
 1.43699  1.06667 -0.5 
 1.43822  1.03333 -0.5 
 1.43863  1 -0.5 
 1.43822  0.966667 -0.5 
 1.43699  0.933333 -0.5 
 1.4349  0.9 -0.5 
 1.43192  0.866667 -0.5 
 1.428  0.833333 -0.5 
 1.42309  0.8 -0.5 
 1.41711  0.766667 -0.5 
 1.41162  0.740405 -0.5 
 1.41004  0.733333 -0.5 
 1.40186  0.7 -0.5 
 1.3923  0.666667 -0.5 
 1.38129  0.633333 -0.5 
 1.37626  0.619108 -0.5 
 1.36873  0.6 -0.5 
 1.35443  0.566667 -0.5 
 1.34091  0.538249 -0.5 
 1.33825  0.533333 -0.5 
 1.31979  0.5 -0.5 
 1.30556  0.476174 -0.5 
 1.29898  0.466667 -0.5 
 1.27534  0.433333 -0.5 
 1.2702  0.426177 -0.5 
 1.24822  0.4 -0.5 
 1.23485  0.384258 -0.5 
 1.21717  0.366667 -0.5 
 1.19949  0.348833 -0.5 
 1.18114  0.333333 -0.5 
 1.16414  0.318482 -0.5 
 1.13865  0.3 -0.5 
 1.12879  0.292483 -0.5 
 1.09343  0.270085 -0.5 
 1.08691  0.266667 -0.5 
 1.05808  0.250413 -0.5 
 1.02273  0.234283 -0.5 
 1.02018  0.233333 -0.5 
 0.987374  0.219931 -0.5 
 0.95202  0.20843 -0.5 
 0.91889  0.2 -0.5 
 0.916667  0.199374 -0.5 
 0.881313  0.19184 -0.5 
 0.84596  0.186504 -0.5 
 0.810606  0.183188 -0.5 
 0.775253  0.181781 -0.5 
 0.739899  0.182224 -0.5 
 0.704545  0.184505 -0.5 
 0.669192  0.188648 -0.5 
 0.633838  0.194711 -0.5 

 0.633838  0.194711 -0.5 
 0.610283  0.2 -0.5 
 0.598485  0.202586 -0.5 
 0.563131  0.212111 -0.5 
 0.527778  0.223823 -0.5 
 0.503403  0.233333 -0.5 
 0.492424  0.237628 -0.5 
 0.457071  0.253363 -0.5 
 0.431116  0.266667 -0.5 
 0.421717  0.271585 -0.5 
 0.386364  0.292095 -0.5 
 0.37399  0.3 -0.5 
 0.35101  0.315249 -0.5 
 0.326188  0.333333 -0.5 
 0.315657  0.341396 -0.5 
 0.285011  0.366667 -0.5 
 0.280303  0.370795 -0.5 
 0.248844  0.4 -0.5 
 0.244949  0.403889 -0.5 
 0.216677  0.433333 -0.5 
 0.209596  0.44136 -0.5 
 0.18789  0.466667 -0.5 
 0.174242  0.484188 -0.5 
 0.162119  0.5 -0.5 
 0.139157  0.533333 -0.5 
 0.138889  0.533757 -0.5 
 0.118015  0.566667 -0.5 
 0.103535  0.592676 -0.5 
 0.099409  0.6 -0.5 
 0.0824003  0.633333 -0.5 
 0.0681818  0.665516 -0.5 
 0.0676599  0.666667 -0.5 
 0.0540295  0.7 -0.5 
 0.0423453  0.733333 -0.5 
 0.0328283  0.765291 -0.5 
 0.0323996  0.766667 -0.5 
 0.0234143  0.8 -0.5 
 0.0160178  0.833333 -0.5 
 0.0101058  0.866667 -0.5 
 0.00559399  0.9 -0.5 
 0.00241734  0.933333 -0.5 
 0.00052972  0.966667 -0.5 
-9.64332e-05  1 -0.5 
 0.00052972  1.03333 -0.5 
 0.00241734  1.06667 -0.5 
 0.00559399  1.1 -0.5 
 0.0101058  1.13333 -0.5 
 0.0160178  1.16667 -0.5 
 0.0234143  1.2 -0.5 
 0.0323996  1.23333 -0.5 
 0.0328283  1.23471 -0.5 
 0.0423453  1.26667 -0.5 
 0.0540295  1.3 -0.5 
 0.0676599  1.33333 -0.5 
 0.0681818  1.33448 -0.5 
 0.0824003  1.36667 -0.5 
 0.099409  1.4 -0.5 
 0.103535  1.40732 -0.5 
 0.118015  1.43333 -0.5 
 0.138889  1.46624 -0.5 
 0.139157  1.46667 -0.5 
 0.162119  1.5 -0.5 
 0.174242  1.51581 -0.5 
 0.18789  1.53333 -0.5 
 0.209596  1.55864 -0.5 
 0.216677  1.56667 -0.5 
 0.244949  1.59611 -0.5 
 0.248844  1.6 -0.5 
 0.280303  1.62921 -0.5 
 0.285011  1.63333 -0.5 
 0.315657  1.6586 -0.5 
 0.326188  1.66667 -0.5 
 0.35101  1.68475 -0.5 
 0.37399  1.7 -0.5 
 0.386364  1.70791 -0.5 
 0.421717  1.72842 -0.5 
 0.431116  1.73333 -0.5 
 0.457071  1.74664 -0.5 
 0.492424  1.76237 -0.5 
 0.503403  1.76667 -0.5 
 0.527778  1.77618 -0.5 
 0.563131  1.78789 -0.5 
 0.598485  1.79741 -0.5 
 0.610283  1.8 -0.5 
 0.633838  1.80529 -0.5 
 0.669192  1.81135 -0.5 
 0.704545  1.8155 -0.5 
 0.739899  1.81778 -0.5 
 0.775253  1.81822 -0.5 
 0.810606  1.81681 -0.5 
 0.84596  1.8135 -0.5 
 0.881313  1.80816 -0.5 
 0.916667  1.80063 -0.5 
 0.91889  1.8 -0.5 
 0.95202  1.79157 -0.5 
 0.987374  1.78007 -0.5 
 1.02018  1.76667 -0.5 
 1.02273  1.76572 -0.5 
 1.05808  1.74959 -0.5 


# Contour 5, label:    -0.55
 1.09343  1.69563 -0.55 
 1.12879  1.67399 -0.55 
 1.13869  1.66667 -0.55 
 1.16414  1.64878 -0.55 
 1.18226  1.63333 -0.55 
 1.19949  1.61914 -0.55 
 1.21884  1.6 -0.55 
 1.23485  1.58438 -0.55 
 1.25012  1.56667 -0.55 
 1.2702  1.54308 -0.55 
 1.27727  1.53333 -0.55 
 1.30088  1.5 -0.55 
 1.30556  1.49326 -0.55 
 1.32149  1.46667 -0.55 
 1.33969  1.43333 -0.55 
 1.34091  1.43106 -0.55 
 1.35556  1.4 -0.55 
 1.3695  1.36667 -0.55 
 1.37626  1.34897 -0.55 
 1.38166  1.33333 -0.55 
 1.39225  1.3 -0.55 
 1.40134  1.26667 -0.55 
 1.40902  1.23333 -0.55 
 1.41162  1.22045 -0.55 
 1.41554  1.2 -0.55 
 1.42098  1.16667 -0.55 
 1.42531  1.13333 -0.55 
 1.42861  1.1 -0.55 
 1.43093  1.06667 -0.55 
 1.4323  1.03333 -0.55 
 1.43276  1 -0.55 
 1.4323  0.966667 -0.55 
 1.43093  0.933333 -0.55 
 1.42861  0.9 -0.55 
 1.42531  0.866667 -0.55 
 1.42098  0.833333 -0.55 
 1.41554  0.8 -0.55 
 1.41162  0.779551 -0.55 
 1.40902  0.766667 -0.55 
 1.40134  0.733333 -0.55 
 1.39225  0.7 -0.55 
 1.38166  0.666667 -0.55 
 1.37626  0.651033 -0.55 
 1.3695  0.633333 -0.55 
 1.35556  0.6 -0.55 
 1.34091  0.568941 -0.55 
 1.33969  0.566667 -0.55 
 1.32149  0.533333 -0.55 
 1.30556  0.506737 -0.55 
 1.30088  0.5 -0.55 
 1.27727  0.466667 -0.55 
 1.2702  0.456918 -0.55 
 1.25012  0.433333 -0.55 
 1.23485  0.415617 -0.55 
 1.21884  0.4 -0.55 
 1.19949  0.380856 -0.55 
 1.18226  0.366667 -0.55 
 1.16414  0.351218 -0.55 
 1.13869  0.333333 -0.55 
 1.12879  0.326006 -0.55 
 1.09343  0.304373 -0.55 
 1.0847  0.3 -0.55 
 1.05808  0.285595 -0.55 
 1.02273  0.270213 -0.55 
 1.01259  0.266667 -0.55 
 0.987374  0.256966 -0.55 
 0.95202  0.246267 -0.55 
 0.916667  0.238107 -0.55 
 0.888176  0.233333 -0.55 
 0.881313  0.232047 -0.55 
 0.84596  0.22772 -0.55 
 0.810606  0.225499 -0.55 
 0.775253  0.225292 -0.55 
 0.739899  0.227064 -0.55 
 0.704545  0.230823 -0.55 

 0.704545  0.230823 -0.55 
 0.688854  0.233333 -0.55 
 0.669192  0.236364 -0.55 
 0.633838  0.243711 -0.55 
 0.598485  0.253203 -0.55 
 0.563131  0.265 -0.55 
 0.558769  0.266667 -0.55 
 0.527778  0.278513 -0.55 
 0.492424  0.294579 -0.55 
 0.481787  0.3 -0.55 
 0.457071  0.312857 -0.55 
 0.422772  0.333333 -0.55 
 0.421717  0.333985 -0.55 
 0.386364  0.357636 -0.55 
 0.374082  0.366667 -0.55 
 0.35101  0.384544 -0.55 
 0.332525  0.4 -0.55 
 0.315657  0.415057 -0.55 
 0.296329  0.433333 -0.55 
 0.280303  0.449723 -0.55 
 0.264405  0.466667 -0.55 
 0.244949  0.48938 -0.55 
 0.236091  0.5 -0.55 
 0.210929  0.533333 -0.55 
 0.209596  0.535265 -0.55 
 0.188045  0.566667 -0.55 
 0.174242  0.589534 -0.55 
 0.167887  0.6 -0.55 
 0.149695  0.633333 -0.55 
 0.138889  0.656032 -0.55 
 0.133706  0.666667 -0.55 
 0.119279  0.7 -0.55 
 0.106987  0.733333 -0.55 
 0.103535  0.744156 -0.55 
 0.096023  0.766667 -0.55 
 0.0866154  0.8 -0.55 
 0.0789022  0.833333 -0.55 
 0.0727586  0.866667 -0.55 
 0.0681818  0.899287 -0.55 
 0.0680747  0.9 -0.55 
 0.0644912  0.933333 -0.55 
 0.0623623  0.966667 -0.55 
 0.0616562  1 -0.55 
 0.0623623  1.03333 -0.55 
 0.0644912  1.06667 -0.55 
 0.0680747  1.1 -0.55 
 0.0681818  1.10071 -0.55 
 0.0727586  1.13333 -0.55 
 0.0789022  1.16667 -0.55 
 0.0866154  1.2 -0.55 
 0.096023  1.23333 -0.55 
 0.103535  1.25584 -0.55 
 0.106987  1.26667 -0.55 
 0.119279  1.3 -0.55 
 0.133706  1.33333 -0.55 
 0.138889  1.34397 -0.55 
 0.149695  1.36667 -0.55 
 0.167887  1.4 -0.55 
 0.174242  1.41047 -0.55 
 0.188045  1.43333 -0.55 
 0.209596  1.46474 -0.55 
 0.210929  1.46667 -0.55 
 0.236091  1.5 -0.55 
 0.244949  1.51062 -0.55 
 0.264405  1.53333 -0.55 
 0.280303  1.55028 -0.55 
 0.296329  1.56667 -0.55 
 0.315657  1.58494 -0.55 
 0.332525  1.6 -0.55 
 0.35101  1.61546 -0.55 
 0.374082  1.63333 -0.55 
 0.386364  1.64236 -0.55 
 0.421717  1.66602 -0.55 
 0.422772  1.66667 -0.55 
 0.457071  1.68714 -0.55 
 0.481787  1.7 -0.55 
 0.492424  1.70542 -0.55 
 0.527778  1.72149 -0.55 
 0.558769  1.73333 -0.55 
 0.563131  1.735 -0.55 
 0.598485  1.7468 -0.55 
 0.633838  1.75629 -0.55 
 0.669192  1.76364 -0.55 
 0.688854  1.76667 -0.55 
 0.704545  1.76918 -0.55 
 0.739899  1.77294 -0.55 
 0.775253  1.77471 -0.55 
 0.810606  1.7745 -0.55 
 0.84596  1.77228 -0.55 
 0.881313  1.76795 -0.55 
 0.888176  1.76667 -0.55 
 0.916667  1.76189 -0.55 
 0.95202  1.75373 -0.55 
 0.987374  1.74303 -0.55 
 1.01259  1.73333 -0.55 
 1.02273  1.72979 -0.55 
 1.05808  1.71441 -0.55 
 1.0847  1.7 -0.55 
 1.09343  1.69563 -0.55 


# Contour 6, label:    -0.63
 1.29436  1.46667 -0.63 
 1.30556  1.45047 -0.63 
 1.3158  1.43333 -0.63 
 1.33445  1.4 -0.63 
 1.34091  1.38767 -0.63 
 1.35067  1.36667 -0.63 
 1.36477  1.33333 -0.63 
 1.37626  1.30187 -0.63 
 1.37688  1.3 -0.63 
 1.38743  1.26667 -0.63 
 1.39637  1.23333 -0.63 
 1.4038  1.2 -0.63 
 1.40983  1.16667 -0.63 
 1.41162  1.15463 -0.63 
 1.41474  1.13333 -0.63 
 1.41856  1.1 -0.63 
 1.42124  1.06667 -0.63 
 1.42283  1.03333 -0.63 
 1.42335  1 -0.63 
 1.42283  0.966667 -0.63 
 1.42124  0.933333 -0.63 
 1.41856  0.9 -0.63 
 1.41474  0.866667 -0.63 
 1.41162  0.84537 -0.63 
 1.40983  0.833333 -0.63 
 1.4038  0.8 -0.63 
 1.39637  0.766667 -0.63 
 1.38743  0.733333 -0.63 
 1.37688  0.7 -0.63 
 1.37626  0.698135 -0.63 
 1.36477  0.666667 -0.63 
 1.35067  0.633333 -0.63 
 1.34091  0.61233 -0.63 
 1.33445  0.6 -0.63 
 1.3158  0.566667 -0.63 
 1.30556  0.549534 -0.63 
 1.29436  0.533333 -0.63 
 1.2702  0.500412 -0.63 
 1.26985  0.5 -0.63 
 1.24115  0.466667 -0.63 
 1.23485  0.459448 -0.63 
 1.20764  0.433333 -0.63 
 1.19949  0.425419 -0.63 
 1.16789  0.4 -0.63 
 1.16414  0.396878 -0.63 
 1.12879  0.372351 -0.63 
 1.11866  0.366667 -0.63 
 1.09343  0.351472 -0.63 
 1.05808  0.334503 -0.63 
 1.05505  0.333333 -0.63 
 1.02273  0.319612 -0.63 
 0.987374  0.30792 -0.63 
 0.955934  0.3 -0.63 
 0.95202  0.298901 -0.63 
 0.916667  0.291627 -0.63 
 0.881313  0.286779 -0.63 
 0.84596  0.284158 -0.63 
 0.810606  0.283653 -0.63 
 0.775253  0.285219 -0.63 
 0.739899  0.288873 -0.63 
 0.704545  0.29468 -0.63 

 0.704545  0.29468 -0.63 
 0.680808  0.3 -0.63 
 0.669192  0.302527 -0.63 
 0.633838  0.312228 -0.63 
 0.598485  0.32443 -0.63 
 0.576808  0.333333 -0.63 
 0.563131  0.338974 -0.63 
 0.527778  0.355861 -0.63 
 0.508109  0.366667 -0.63 
 0.492424  0.375524 -0.63 
 0.457071  0.398193 -0.63 
 0.454467  0.4 -0.63 
 0.421717  0.423889 -0.63 
 0.409894  0.433333 -0.63 
 0.386364  0.453386 -0.63 
 0.371814  0.466667 -0.63 
 0.35101  0.487236 -0.63 
 0.338717  0.5 -0.63 
 0.315657  0.526333 -0.63 
 0.309716  0.533333 -0.63 
 0.284057  0.566667 -0.63 
 0.280303  0.572082 -0.63 
 0.261082  0.6 -0.63 
 0.244949  0.626918 -0.63 
 0.241079  0.633333 -0.63 
 0.223014  0.666667 -0.63 
 0.209596  0.69568 -0.63 
 0.207544  0.7 -0.63 
 0.1935  0.733333 -0.63 
 0.181714  0.766667 -0.63 
 0.174242  0.791959 -0.63 
 0.17174  0.8 -0.63 
 0.163036  0.833333 -0.63 
 0.156125  0.866667 -0.63 
 0.150881  0.9 -0.63 
 0.147205  0.933333 -0.63 
 0.145027  0.966667 -0.63 
 0.144305  1 -0.63 
 0.145027  1.03333 -0.63 
 0.147205  1.06667 -0.63 
 0.150881  1.1 -0.63 
 0.156125  1.13333 -0.63 
 0.163036  1.16667 -0.63 
 0.17174  1.2 -0.63 
 0.174242  1.20804 -0.63 
 0.181714  1.23333 -0.63 
 0.1935  1.26667 -0.63 
 0.207544  1.3 -0.63 
 0.209596  1.30432 -0.63 
 0.223014  1.33333 -0.63 
 0.241079  1.36667 -0.63 
 0.244949  1.37308 -0.63 
 0.261082  1.4 -0.63 
 0.280303  1.42792 -0.63 
 0.284057  1.43333 -0.63 
 0.309716  1.46667 -0.63 
 0.315657  1.47367 -0.63 
 0.338717  1.5 -0.63 
 0.35101  1.51276 -0.63 
 0.371814  1.53333 -0.63 
 0.386364  1.54661 -0.63 
 0.409894  1.56667 -0.63 
 0.421717  1.57611 -0.63 
 0.454467  1.6 -0.63 
 0.457071  1.60181 -0.63 
 0.492424  1.62448 -0.63 
 0.508109  1.63333 -0.63 
 0.527778  1.64414 -0.63 
 0.563131  1.66103 -0.63 
 0.576808  1.66667 -0.63 
 0.598485  1.67557 -0.63 
 0.633838  1.68777 -0.63 
 0.669192  1.69747 -0.63 
 0.680808  1.7 -0.63 
 0.704545  1.70532 -0.63 
 0.739899  1.71113 -0.63 
 0.775253  1.71478 -0.63 
 0.810606  1.71635 -0.63 
 0.84596  1.71584 -0.63 
 0.881313  1.71322 -0.63 
 0.916667  1.70837 -0.63 
 0.95202  1.7011 -0.63 
 0.955934  1.7 -0.63 
 0.987374  1.69208 -0.63 
 1.02273  1.68039 -0.63 
 1.05505  1.66667 -0.63 
 1.05808  1.6655 -0.63 
 1.09343  1.64853 -0.63 
 1.11866  1.63333 -0.63 
 1.12879  1.62765 -0.63 
 1.16414  1.60312 -0.63 
 1.16789  1.6 -0.63 
 1.19949  1.57458 -0.63 
 1.20764  1.56667 -0.63 
 1.23485  1.54055 -0.63 
 1.24115  1.53333 -0.63 
 1.26985  1.5 -0.63 
 1.2702  1.49959 -0.63 
 1.29436  1.46667 -0.63 


# Contour 7, label:    -0.71
 1.31322  1.4 -0.71 
 1.33185  1.36667 -0.71 
 1.34091  1.34882 -0.71 
 1.34794  1.33333 -0.71 
 1.36182  1.3 -0.71 
 1.3736  1.26667 -0.71 
 1.37626  1.25829 -0.71 
 1.38371  1.23333 -0.71 
 1.39221  1.2 -0.71 
 1.39913  1.16667 -0.71 
 1.40459  1.13333 -0.71 
 1.4087  1.1 -0.71 
 1.41155  1.06667 -0.71 
 1.41162  1.06542 -0.71 
 1.41335  1.03333 -0.71 
 1.41395  1 -0.71 
 1.41335  0.966667 -0.71 
 1.41162  0.934577 -0.71 
 1.41155  0.933333 -0.71 
 1.4087  0.9 -0.71 
 1.40459  0.866667 -0.71 
 1.39913  0.833333 -0.71 
 1.39221  0.8 -0.71 
 1.38371  0.766667 -0.71 
 1.37626  0.741713 -0.71 
 1.3736  0.733333 -0.71 
 1.36182  0.7 -0.71 
 1.34794  0.666667 -0.71 
 1.34091  0.651183 -0.71 
 1.33185  0.633333 -0.71 
 1.31322  0.6 -0.71 
 1.30556  0.587092 -0.71 
 1.29159  0.566667 -0.71 
 1.2702  0.537488 -0.71 
 1.26662  0.533333 -0.71 
 1.23737  0.5 -0.71 
 1.23485  0.497142 -0.71 
 1.20268  0.466667 -0.71 
 1.19949  0.463615 -0.71 
 1.16414  0.435548 -0.71 
 1.16071  0.433333 -0.71 
 1.12879  0.411549 -0.71 
 1.10747  0.4 -0.71 
 1.09343  0.391824 -0.71 
 1.05808  0.375293 -0.71 
 1.03442  0.366667 -0.71 
 1.02273  0.361963 -0.71 
 0.987374  0.350933 -0.71 
 0.95202  0.342814 -0.71 
 0.916667  0.33722 -0.71 
 0.881313  0.333902 -0.71 
 0.864107  0.333333 -0.71 
 0.84596  0.332646 -0.71 

 0.84596  0.332646 -0.71 
 0.82132  0.333333 -0.71 
 0.810606  0.333611 -0.71 
 0.775253  0.336601 -0.71 
 0.739899  0.341765 -0.71 
 0.704545  0.349238 -0.71 
 0.669192  0.359196 -0.71 
 0.647749  0.366667 -0.71 
 0.633838  0.371471 -0.71 
 0.598485  0.386046 -0.71 
 0.570274  0.4 -0.71 
 0.563131  0.403599 -0.71 
 0.527778  0.423783 -0.71 
 0.51301  0.433333 -0.71 
 0.492424  0.447258 -0.71 
 0.466732  0.466667 -0.71 
 0.457071  0.474437 -0.71 
 0.427829  0.5 -0.71 
 0.421717  0.505792 -0.71 
 0.39433  0.533333 -0.71 
 0.386364  0.542176 -0.71 
 0.365127  0.566667 -0.71 
 0.35101  0.584962 -0.71 
 0.339629  0.6 -0.71 
 0.317432  0.633333 -0.71 
 0.315657  0.636315 -0.71 
 0.297454  0.666667 -0.71 
 0.280572  0.7 -0.71 
 0.280303  0.7006 -0.71 
 0.265196  0.733333 -0.71 
 0.252374  0.766667 -0.71 
 0.244949  0.789836 -0.71 
 0.24152  0.8 -0.71 
 0.232119  0.833333 -0.71 
 0.224692  0.866667 -0.71 
 0.219078  0.9 -0.71 
 0.215156  0.933333 -0.71 
 0.212837  0.966667 -0.71 
 0.212069  1 -0.71 
 0.212837  1.03333 -0.71 
 0.215156  1.06667 -0.71 
 0.219078  1.1 -0.71 
 0.224692  1.13333 -0.71 
 0.232119  1.16667 -0.71 
 0.24152  1.2 -0.71 
 0.244949  1.21016 -0.71 
 0.252374  1.23333 -0.71 
 0.265196  1.26667 -0.71 
 0.280303  1.2994 -0.71 
 0.280572  1.3 -0.71 
 0.297454  1.33333 -0.71 
 0.315657  1.36368 -0.71 
 0.317432  1.36667 -0.71 
 0.339629  1.4 -0.71 
 0.35101  1.41504 -0.71 
 0.365127  1.43333 -0.71 
 0.386364  1.45782 -0.71 
 0.39433  1.46667 -0.71 
 0.421717  1.49421 -0.71 
 0.427829  1.5 -0.71 
 0.457071  1.52556 -0.71 
 0.466732  1.53333 -0.71 
 0.492424  1.55274 -0.71 
 0.51301  1.56667 -0.71 
 0.527778  1.57622 -0.71 
 0.563131  1.5964 -0.71 
 0.570274  1.6 -0.71 
 0.598485  1.61395 -0.71 
 0.633838  1.62853 -0.71 
 0.647749  1.63333 -0.71 
 0.669192  1.6408 -0.71 
 0.704545  1.65076 -0.71 
 0.739899  1.65823 -0.71 
 0.775253  1.6634 -0.71 
 0.810606  1.66639 -0.71 
 0.82132  1.66667 -0.71 
 0.84596  1.66735 -0.71 
 0.864107  1.66667 -0.71 
 0.881313  1.6661 -0.71 
 0.916667  1.66278 -0.71 
 0.95202  1.65719 -0.71 
 0.987374  1.64907 -0.71 
 1.02273  1.63804 -0.71 
 1.03442  1.63333 -0.71 
 1.05808  1.62471 -0.71 
 1.09343  1.60818 -0.71 
 1.10747  1.6 -0.71 
 1.12879  1.58845 -0.71 
 1.16071  1.56667 -0.71 
 1.16414  1.56445 -0.71 
 1.19949  1.53639 -0.71 
 1.20268  1.53333 -0.71 
 1.23485  1.50286 -0.71 
 1.23737  1.5 -0.71 
 1.26662  1.46667 -0.71 
 1.2702  1.46251 -0.71 
 1.29159  1.43333 -0.71 
 1.30556  1.41291 -0.71 
 1.31322  1.4 -0.71 


# Contour 8, label:    -0.83
 1.39457  1.1 -0.83 
 1.39801  1.06667 -0.83 
 1.40004  1.03333 -0.83 
 1.40071  1 -0.83 
 1.40004  0.966667 -0.83 
 1.39801  0.933333 -0.83 
 1.39457  0.9 -0.83 
 1.38963  0.866667 -0.83 
 1.38309  0.833333 -0.83 
 1.37626  0.805405 -0.83 
 1.37491  0.8 -0.83 
 1.36521  0.766667 -0.83 
 1.35338  0.733333 -0.83 
 1.34091  0.703554 -0.83 
 1.33929  0.7 -0.83 
 1.32289  0.666667 -0.83 
 1.30556  0.636338 -0.83 
 1.3036  0.633333 -0.83 
 1.28099  0.6 -0.83 
 1.2702  0.585176 -0.83 
 1.25437  0.566667 -0.83 
 1.23485  0.544637 -0.83 
 1.22279  0.533333 -0.83 
 1.19949  0.511431 -0.83 
 1.18454  0.5 -0.83 
 1.16414  0.483886 -0.83 
 1.13681  0.466667 -0.83 
 1.12879  0.461313 -0.83 
 1.09343  0.442256 -0.83 
 1.07205  0.433333 -0.83 
 1.05808  0.426939 -0.83 
 1.02273  0.414396 -0.83 
 0.987374  0.405166 -0.83 
 0.958989  0.4 -0.83 
 0.95202  0.398559 -0.83 
 0.916667  0.39406 -0.83 
 0.881313  0.392152 -0.83 
 0.84596  0.392717 -0.83 
 0.810606  0.395736 -0.83 

 0.810606  0.395736 -0.83 
 0.783065  0.4 -0.83 
 0.775253  0.401146 -0.83 
 0.739899  0.408578 -0.83 
 0.704545  0.418704 -0.83 
 0.669192  0.431807 -0.83 
 0.665651  0.433333 -0.83 
 0.633838  0.447125 -0.83 
 0.598485  0.465975 -0.83 
 0.597315  0.466667 -0.83 
 0.563131  0.487657 -0.83 
 0.545614  0.5 -0.83 
 0.527778  0.513324 -0.83 
 0.503624  0.533333 -0.83 
 0.492424  0.543385 -0.83 
 0.468327  0.566667 -0.83 
 0.457071  0.578709 -0.83 
 0.438093  0.6 -0.83 
 0.421717  0.620794 -0.83 
 0.41208  0.633333 -0.83 
 0.389629  0.666667 -0.83 
 0.386364  0.672184 -0.83 
 0.36977  0.7 -0.83 
 0.353148  0.733333 -0.83 
 0.35101  0.738302 -0.83 
 0.338349  0.766667 -0.83 
 0.326099  0.8 -0.83 
 0.316281  0.833333 -0.83 
 0.315657  0.835956 -0.83 
 0.307802  0.866667 -0.83 
 0.301369  0.9 -0.83 
 0.296888  0.933333 -0.83 
 0.294246  0.966667 -0.83 
 0.293373  1 -0.83 
 0.294246  1.03333 -0.83 
 0.296888  1.06667 -0.83 
 0.301369  1.1 -0.83 
 0.307802  1.13333 -0.83 
 0.315657  1.16404 -0.83 
 0.316281  1.16667 -0.83 
 0.326099  1.2 -0.83 
 0.338349  1.23333 -0.83 
 0.35101  1.2617 -0.83 
 0.353148  1.26667 -0.83 
 0.36977  1.3 -0.83 
 0.386364  1.32782 -0.83 
 0.389629  1.33333 -0.83 
 0.41208  1.36667 -0.83 
 0.421717  1.37921 -0.83 
 0.438093  1.4 -0.83 
 0.457071  1.42129 -0.83 
 0.468327  1.43333 -0.83 
 0.492424  1.45661 -0.83 
 0.503624  1.46667 -0.83 
 0.527778  1.48668 -0.83 
 0.545614  1.5 -0.83 
 0.563131  1.51234 -0.83 
 0.597315  1.53333 -0.83 
 0.598485  1.53403 -0.83 
 0.633838  1.55288 -0.83 
 0.665651  1.56667 -0.83 
 0.669192  1.56819 -0.83 
 0.704545  1.5813 -0.83 
 0.739899  1.59142 -0.83 
 0.775253  1.59885 -0.83 
 0.783065  1.6 -0.83 
 0.810606  1.60426 -0.83 
 0.84596  1.60728 -0.83 
 0.881313  1.60785 -0.83 
 0.916667  1.60594 -0.83 
 0.95202  1.60144 -0.83 
 0.958989  1.6 -0.83 
 0.987374  1.59483 -0.83 
 1.02273  1.5856 -0.83 
 1.05808  1.57306 -0.83 
 1.07205  1.56667 -0.83 
 1.09343  1.55774 -0.83 
 1.12879  1.53869 -0.83 
 1.13681  1.53333 -0.83 
 1.16414  1.51611 -0.83 
 1.18454  1.5 -0.83 
 1.19949  1.48857 -0.83 
 1.22279  1.46667 -0.83 
 1.23485  1.45536 -0.83 
 1.25437  1.43333 -0.83 
 1.2702  1.41482 -0.83 
 1.28099  1.4 -0.83 
 1.3036  1.36667 -0.83 
 1.30556  1.36366 -0.83 
 1.32289  1.33333 -0.83 
 1.33929  1.3 -0.83 
 1.34091  1.29645 -0.83 
 1.35338  1.26667 -0.83 
 1.36521  1.23333 -0.83 
 1.37491  1.2 -0.83 
 1.37626  1.1946 -0.83 
 1.38309  1.16667 -0.83 
 1.38963  1.13333 -0.83 
 1.39457  1.1 -0.83 


# Contour 9, label:       -1
 1.36142  0.833333 -1 
 1.35162  0.8 -1 
 1.34091  0.770318 -1 
 1.33952  0.766667 -1 
 1.3253  0.733333 -1 
 1.30802  0.7 -1 
 1.30556  0.695546 -1 
 1.28761  0.666667 -1 
 1.2702  0.641849 -1 
 1.26325  0.633333 -1 
 1.23485  0.600645 -1 
 1.23417  0.6 -1 
 1.19949  0.567311 -1 
 1.19865  0.566667 -1 
 1.16414  0.53981 -1 
 1.15351  0.533333 -1 
 1.12879  0.517394 -1 
 1.09348  0.5 -1 
 1.09343  0.499977 -1 
 1.05808  0.485012 -1 
 1.02273  0.474086 -1 
 0.988371  0.466667 -1 
 0.987374  0.466421 -1 
 0.95202  0.460872 -1 
 0.916667  0.458239 -1 
 0.881313  0.458352 -1 
 0.84596  0.461172 -1 

 0.84596  0.461172 -1 
 0.811237  0.466667 -1 
 0.810606  0.46676 -1 
 0.775253  0.474436 -1 
 0.739899  0.48514 -1 
 0.704545  0.499247 -1 
 0.702925  0.5 -1 
 0.669192  0.51585 -1 
 0.639095  0.533333 -1 
 0.633838  0.536503 -1 
 0.598485  0.56087 -1 
 0.590992  0.566667 -1 
 0.563131  0.589944 -1 
 0.552178  0.6 -1 
 0.527778  0.624854 -1 
 0.519945  0.633333 -1 
 0.492882  0.666667 -1 
 0.492424  0.667304 -1 
 0.469307  0.7 -1 
 0.457071  0.720772 -1 
 0.449606  0.733333 -1 
 0.4327  0.766667 -1 
 0.421717  0.793411 -1 
 0.418889  0.8 -1 
 0.406917  0.833333 -1 
 0.397638  0.866667 -1 
 0.39074  0.9 -1 
 0.386364  0.930593 -1 
 0.385931  0.933333 -1 
 0.382766  0.966667 -1 
 0.381722  1 -1 
 0.382766  1.03333 -1 
 0.385931  1.06667 -1 
 0.386364  1.06941 -1 
 0.39074  1.1 -1 
 0.397638  1.13333 -1 
 0.406917  1.16667 -1 
 0.418889  1.2 -1 
 0.421717  1.20659 -1 
 0.4327  1.23333 -1 
 0.449606  1.26667 -1 
 0.457071  1.27923 -1 
 0.469307  1.3 -1 
 0.492424  1.3327 -1 
 0.492882  1.33333 -1 
 0.519945  1.36667 -1 
 0.527778  1.37515 -1 
 0.552178  1.4 -1 
 0.563131  1.41006 -1 
 0.590992  1.43333 -1 
 0.598485  1.43913 -1 
 0.633838  1.4635 -1 
 0.639095  1.46667 -1 
 0.669192  1.48415 -1 
 0.702925  1.5 -1 
 0.704545  1.50075 -1 
 0.739899  1.51486 -1 
 0.775253  1.52556 -1 
 0.810606  1.53324 -1 
 0.811237  1.53333 -1 
 0.84596  1.53883 -1 
 0.881313  1.54165 -1 
 0.916667  1.54176 -1 
 0.95202  1.53913 -1 
 0.987374  1.53358 -1 
 0.988371  1.53333 -1 
 1.02273  1.52591 -1 
 1.05808  1.51499 -1 
 1.09343  1.50002 -1 
 1.09348  1.5 -1 
 1.12879  1.48261 -1 
 1.15351  1.46667 -1 
 1.16414  1.46019 -1 
 1.19865  1.43333 -1 
 1.19949  1.43269 -1 
 1.23417  1.4 -1 
 1.23485  1.39935 -1 
 1.26325  1.36667 -1 
 1.2702  1.35815 -1 
 1.28761  1.33333 -1 
 1.30556  1.30445 -1 
 1.30802  1.3 -1 
 1.3253  1.26667 -1 
 1.33952  1.23333 -1 
 1.34091  1.22968 -1 
 1.35162  1.2 -1 
 1.36142  1.16667 -1 
 1.36905  1.13333 -1 
 1.37471  1.1 -1 
 1.37626  1.08706 -1 
 1.37883  1.06667 -1 
 1.38136  1.03333 -1 
 1.3822  1 -1 
 1.38136  0.966667 -1 
 1.37883  0.933333 -1 
 1.37626  0.912943 -1 
 1.37471  0.9 -1 
 1.36905  0.866667 -1 
 1.36142  0.833333 -1 


# Contour 10, label:    -1.25
 1.15853  0.6 -1.25 
 1.12879  0.581044 -1.25 
 1.09836  0.566667 -1.25 
 1.09343  0.564139 -1.25 
 1.05808  0.550238 -1.25 
 1.02273  0.540576 -1.25 
 0.987374  0.534375 -1.25 
 0.975847  0.533333 -1.25 
 0.95202  0.530794 -1.25 
 0.916667  0.530258 -1.25 
 0.881313  0.532856 -1.25 

 0.881313  0.532856 -1.25 
 0.878261  0.533333 -1.25 
 0.84596  0.538008 -1.25 
 0.810606  0.546238 -1.25 
 0.775253  0.558026 -1.25 
 0.755135  0.566667 -1.25 
 0.739899  0.573203 -1.25 
 0.704545  0.592118 -1.25 
 0.692124  0.6 -1.25 
 0.669192  0.615346 -1.25 
 0.646199  0.633333 -1.25 
 0.633838  0.643911 -1.25 
 0.609907  0.666667 -1.25 
 0.598485  0.679004 -1.25 
 0.580205  0.7 -1.25 
 0.563131  0.723142 -1.25 
 0.555786  0.733333 -1.25 
 0.53534  0.766667 -1.25 
 0.527778  0.78179 -1.25 
 0.518404  0.8 -1.25 
 0.504528  0.833333 -1.25 
 0.49401  0.866667 -1.25 
 0.492424  0.873286 -1.25 
 0.48541  0.9 -1.25 
 0.479353  0.933333 -1.25 
 0.475819  0.966667 -1.25 
 0.474658  1 -1.25 
 0.475819  1.03333 -1.25 
 0.479353  1.06667 -1.25 
 0.48541  1.1 -1.25 
 0.492424  1.12671 -1.25 
 0.49401  1.13333 -1.25 
 0.504528  1.16667 -1.25 
 0.518404  1.2 -1.25 
 0.527778  1.21821 -1.25 
 0.53534  1.23333 -1.25 
 0.555786  1.26667 -1.25 
 0.563131  1.27686 -1.25 
 0.580205  1.3 -1.25 
 0.598485  1.321 -1.25 
 0.609907  1.33333 -1.25 
 0.633838  1.35609 -1.25 
 0.646199  1.36667 -1.25 
 0.669192  1.38465 -1.25 
 0.692124  1.4 -1.25 
 0.704545  1.40788 -1.25 
 0.739899  1.4268 -1.25 
 0.755135  1.43333 -1.25 
 0.775253  1.44197 -1.25 
 0.810606  1.45376 -1.25 
 0.84596  1.46199 -1.25 
 0.878261  1.46667 -1.25 
 0.881313  1.46714 -1.25 
 0.916667  1.46974 -1.25 
 0.95202  1.46921 -1.25 
 0.975847  1.46667 -1.25 
 0.987374  1.46563 -1.25 
 1.02273  1.45942 -1.25 
 1.05808  1.44976 -1.25 
 1.09343  1.43586 -1.25 
 1.09836  1.43333 -1.25 
 1.12879  1.41896 -1.25 
 1.15853  1.4 -1.25 
 1.16414  1.3966 -1.25 
 1.19949  1.36902 -1.25 
 1.20196  1.36667 -1.25 
 1.23485  1.33438 -1.25 
 1.23574  1.33333 -1.25 
 1.26298  1.3 -1.25 
 1.2702  1.29019 -1.25 
 1.28542  1.26667 -1.25 
 1.30366  1.23333 -1.25 
 1.30556  1.22941 -1.25 
 1.31893  1.2 -1.25 
 1.33109  1.16667 -1.25 
 1.34036  1.13333 -1.25 
 1.34091  1.13081 -1.25 
 1.34785  1.1 -1.25 
 1.35308  1.06667 -1.25 
 1.35614  1.03333 -1.25 
 1.35715  1 -1.25 
 1.35614  0.966667 -1.25 
 1.35308  0.933333 -1.25 
 1.34785  0.9 -1.25 
 1.34091  0.869188 -1.25 
 1.34036  0.866667 -1.25 
 1.33109  0.833333 -1.25 
 1.31893  0.8 -1.25 
 1.30556  0.770591 -1.25 
 1.30366  0.766667 -1.25 
 1.28542  0.733333 -1.25 
 1.2702  0.709814 -1.25 
 1.26298  0.7 -1.25 
 1.23574  0.666667 -1.25 
 1.23485  0.66562 -1.25 
 1.20196  0.633333 -1.25 
 1.19949  0.630977 -1.25 
 1.16414  0.603402 -1.25 
 1.15853  0.6 -1.25 


# Contour 11, label:    -1.67
 0.84596  0.629784 -1.67 
 0.836436  0.633333 -1.67 
 0.810606  0.6427 -1.67 
 0.775253  0.660368 -1.67 
 0.764961  0.666667 -1.67 
 0.739899  0.682829 -1.67 
 0.718011  0.7 -1.67 
 0.704545  0.71175 -1.67 
 0.682675  0.733333 -1.67 
 0.669192  0.749002 -1.67 
 0.654881  0.766667 -1.67 
 0.633838  0.799066 -1.67 
 0.633237  0.8 -1.67 
 0.61502  0.833333 -1.67 
 0.60168  0.866667 -1.67 
 0.598485  0.877408 -1.67 
 0.591112  0.9 -1.67 
 0.583627  0.933333 -1.67 
 0.57932  0.966667 -1.67 
 0.577915  1 -1.67 
 0.57932  1.03333 -1.67 
 0.583627  1.06667 -1.67 
 0.591112  1.1 -1.67 
 0.598485  1.12259 -1.67 
 0.60168  1.13333 -1.67 
 0.61502  1.16667 -1.67 
 0.633237  1.2 -1.67 
 0.633838  1.20093 -1.67 
 0.654881  1.23333 -1.67 
 0.669192  1.251 -1.67 
 0.682675  1.26667 -1.67 
 0.704545  1.28825 -1.67 
 0.718011  1.3 -1.67 
 0.739899  1.31717 -1.67 
 0.764961  1.33333 -1.67 
 0.775253  1.33963 -1.67 
 0.810606  1.3573 -1.67 
 0.836436  1.36667 -1.67 
 0.84596  1.37022 -1.67 
 0.881313  1.37985 -1.67 
 0.916667  1.38551 -1.67 
 0.95202  1.38758 -1.67 
 0.987374  1.38621 -1.67 
 1.02273  1.38124 -1.67 
 1.05808  1.37218 -1.67 
 1.07252  1.36667 -1.67 
 1.09343  1.35955 -1.67 
 1.12879  1.34223 -1.67 
 1.14241  1.33333 -1.67 
 1.16414  1.3196 -1.67 
 1.18771  1.3 -1.67 
 1.19949  1.2899 -1.67 
 1.22146  1.26667 -1.67 
 1.23485  1.25093 -1.67 
 1.24779  1.23333 -1.67 
 1.26837  1.2 -1.67 
 1.2702  1.19652 -1.67 
 1.28513  1.16667 -1.67 
 1.2978  1.13333 -1.67 
 1.30556  1.10505 -1.67 
 1.307  1.1 -1.67 
 1.31398  1.06667 -1.67 
 1.31804  1.03333 -1.67 
 1.31936  1 -1.67 
 1.31804  0.966667 -1.67 
 1.31398  0.933333 -1.67 
 1.307  0.9 -1.67 
 1.30556  0.894953 -1.67 
 1.2978  0.866667 -1.67 
 1.28513  0.833333 -1.67 
 1.2702  0.803484 -1.67 
 1.26837  0.8 -1.67 
 1.24779  0.766667 -1.67 
 1.23485  0.749069 -1.67 
 1.22146  0.733333 -1.67 
 1.19949  0.710096 -1.67 
 1.18771  0.7 -1.67 
 1.16414  0.680405 -1.67 
 1.14241  0.666667 -1.67 
 1.12879  0.657769 -1.67 
 1.09343  0.64045 -1.67 
 1.07252  0.633333 -1.67 
 1.05808  0.627816 -1.67 
 1.02273  0.618761 -1.67 
 0.987374  0.613791 -1.67 
 0.95202  0.612417 -1.67 
 0.916667  0.614488 -1.67 
 0.881313  0.620145 -1.67 
 0.84596  0.629784 -1.67 


# Contour 12, label:     -2.5
 0.881313  0.727458 -2.5 
 0.868316  0.733333 -2.5 
 0.84596  0.743312 -2.5 
 0.810606  0.766355 -2.5 
 0.810203  0.766667 -2.5 
 0.775253  0.797418 -2.5 
 0.772736  0.8 -2.5 
 0.745477  0.833333 -2.5 
 0.739899  0.842435 -2.5 
 0.725068  0.866667 -2.5 
 0.710779  0.9 -2.5 
 0.704545  0.92249 -2.5 
 0.701131  0.933333 -2.5 
 0.694882  0.966667 -2.5 
 0.69287  1 -2.5 
 0.694882  1.03333 -2.5 
 0.701131  1.06667 -2.5 
 0.704545  1.07751 -2.5 
 0.710779  1.1 -2.5 
 0.725068  1.13333 -2.5 
 0.739899  1.15757 -2.5 
 0.745477  1.16667 -2.5 
 0.772736  1.2 -2.5 
 0.775253  1.20258 -2.5 
 0.810203  1.23333 -2.5 
 0.810606  1.23365 -2.5 
 0.84596  1.25669 -2.5 
 0.868316  1.26667 -2.5 
 0.881313  1.27254 -2.5 
 0.916667  1.28357 -2.5 
 0.95202  1.28929 -2.5 
 0.987374  1.29047 -2.5 
 1.02273  1.28725 -2.5 
 1.05808  1.27912 -2.5 
 1.08924  1.26667 -2.5 
 1.09343  1.26518 -2.5 
 1.12879  1.24646 -2.5 
 1.14624  1.23333 -2.5 
 1.16414  1.21927 -2.5 
 1.18322  1.2 -2.5 
 1.19949  1.18062 -2.5 
 1.20972  1.16667 -2.5 
 1.22909  1.13333 -2.5 
 1.23485  1.11967 -2.5 
 1.24332  1.1 -2.5 
 1.25324  1.06667 -2.5 
 1.25878  1.03333 -2.5 
 1.26055  1 -2.5 
 1.25878  0.966667 -2.5 
 1.25324  0.933333 -2.5 
 1.24332  0.9 -2.5 
 1.23485  0.880333 -2.5 
 1.22909  0.866667 -2.5 
 1.20972  0.833333 -2.5 
 1.19949  0.819377 -2.5 
 1.18322  0.8 -2.5 
 1.16414  0.78073 -2.5 
 1.14624  0.766667 -2.5 
 1.12879  0.753542 -2.5 
 1.09343  0.734822 -2.5 
 1.08924  0.733333 -2.5 
 1.05808  0.720879 -2.5 
 1.02273  0.712749 -2.5 
 0.987374  0.709532 -2.5 
 0.95202  0.710707 -2.5 
 0.916667  0.716431 -2.5 
 0.881313  0.727458 -2.5 


# Contour 13, label:       -5
 0.987374  0.833049 -5 
 0.985762  0.833333 -5 
 0.95202  0.837906 -5 
 0.916667  0.851717 -5 
 0.895155  0.866667 -5 
 0.881313  0.878018 -5 
 0.861184  0.9 -5 
 0.84596  0.927286 -5 
 0.842516  0.933333 -5 
 0.830835  0.966667 -5 
 0.827321  1 -5 
 0.830835  1.03333 -5 
 0.842516  1.06667 -5 
 0.84596  1.07271 -5 
 0.861184  1.1 -5 
 0.881313  1.12198 -5 
 0.895155  1.13333 -5 
 0.916667  1.14828 -5 
 0.95202  1.16209 -5 
 0.985762  1.16667 -5 
 0.987374  1.16695 -5 
 0.991507  1.16667 -5 
 1.02273  1.1652 -5 
 1.05808  1.15616 -5 
 1.09343  1.13521 -5 
 1.0957  1.13333 -5 
 1.12857  1.1 -5 
 1.12879  1.09968 -5 
 1.14923  1.06667 -5 
 1.15915  1.03333 -5 
 1.162  1 -5 
 1.15915  0.966667 -5 
 1.14923  0.933333 -5 
 1.12879  0.900324 -5 
 1.12857  0.9 -5 
 1.0957  0.866667 -5 
 1.09343  0.864792 -5 
 1.05808  0.84384 -5 
 1.02273  0.834805 -5 
 0.991507  0.833333 -5 
 0.987374  0.833049 -5 

